7.00000000E+01 5.48231133E+00
7.50000000E+01 4.00740263E+00
8.00000000E+01 2.98106029E+00
8.50000000E+01 2.25168966E+00
9.00000000E+01 1.72423028E+00
9.50000000E+01 1.33710549E+00
1.00000000E+02 1.04868422E+00
1.05000000E+02 8.31057115E-01
1.10000000E+02 6.64565481E-01
1.15000000E+02 5.35951950E-01
1.20000000E+02 4.35969050E-01
1.25000000E+02 3.57225637E-01
1.30000000E+02 2.94639969E-01
1.35000000E+02 2.44515586E-01
1.40000000E+02 2.04105865E-01
1.45000000E+02 1.71318195E-01
1.50000000E+02 1.44531832E-01
1.55000000E+02 1.22515437E-01
1.60000000E+02 1.04316786E-01
1.65000000E+02 8.92060051E-02
1.70000000E+02 7.66033128E-02
1.75000000E+02 6.60324315E-02
1.80000000E+02 5.71251302E-02
1.85000000E+02 4.95927742E-02
1.90000000E+02 4.31935136E-02
1.95000000E+02 3.77364524E-02
2.00000000E+02 3.30617869E-02
2.05000000E+02 2.90451241E-02
2.10000000E+02 2.55851411E-02
2.15000000E+02 2.25971775E-02
2.20000000E+02 2.00102351E-02
2.25000000E+02 1.77604022E-02
2.30000000E+02 1.57979508E-02
2.35000000E+02 1.40818963E-02
2.40000000E+02 1.25783373E-02
2.45000000E+02 1.12588652E-02
2.50000000E+02 1.00976426E-02
2.55000000E+02 9.07179102E-03
2.60000000E+02 8.16583133E-03
2.65000000E+02 7.36377386E-03
2.70000000E+02 6.65171840E-03
2.75000000E+02 6.01750100E-03
2.80000000E+02 5.45255583E-03
2.85000000E+02 4.94803211E-03
2.90000000E+02 4.49584338E-03
2.95000000E+02 4.09080772E-03
3.00000000E+02 3.72734264E-03
3.05000000E+02 3.40090427E-03
3.10000000E+02 3.10718807E-03
3.15000000E+02 2.84192164E-03
3.20000000E+02 2.60232636E-03
3.25000000E+02 2.38582058E-03
3.30000000E+02 2.18986030E-03
3.35000000E+02 2.01231715E-03
3.40000000E+02 1.85076556E-03
3.50000000E+02 1.57052466E-03
3.55000000E+02 1.44907229E-03
3.60000000E+02 1.33832779E-03
3.65000000E+02 1.23709781E-03
3.70000000E+02 1.14450381E-03
3.75000000E+02 1.05984314E-03
3.80000000E+02 9.82385430E-04
3.85000000E+02 9.11289813E-04
3.90000000E+02 8.46038031E-04
3.95000000E+02 7.86095642E-04
4.00000000E+02 7.30974275E-04
4.05000000E+02 6.80235014E-04
4.10000000E+02 6.33486602E-04
4.15000000E+02 5.90394908E-04
4.20000000E+02 5.50634255E-04
4.25000000E+02 5.13913600E-04
4.30000000E+02 4.79937400E-04
4.35000000E+02 4.48509480E-04
4.40000000E+02 4.19413190E-04
4.45000000E+02 3.92452300E-04
4.50000000E+02 3.67453537E-04
4.55000000E+02 3.44256003E-04
4.60000000E+02 3.22714569E-04
4.65000000E+02 3.02696299E-04
4.70000000E+02 2.84082480E-04
4.75000000E+02 2.66761971E-04
4.80000000E+02 2.50632652E-04
4.85000000E+02 2.35604700E-04
4.90000000E+02 2.21594931E-04
4.95000000E+02 2.08526670E-04
5.00000000E+02 1.96330329E-04
5.05000000E+02 1.84940206E-04
5.10000000E+02 1.74294021E-04
5.15000000E+02 1.64338120E-04
5.20000000E+02 1.55022310E-04
5.25000000E+02 1.46301902E-04
5.30000000E+02 1.38132434E-04
5.35000000E+02 1.30473547E-04
5.40000000E+02 1.23300097E-04
5.45000000E+02 1.16570801E-04
5.50000000E+02 1.10253443E-04
5.55000000E+02 1.04324157E-04
5.60000000E+02 9.87559187E-05
5.65000000E+02 9.35208459E-05
5.70000000E+02 8.85975341E-05
5.75000000E+02 8.39683498E-05
5.80000000E+02 7.96120140E-05
5.85000000E+02 7.55062071E-05
5.90000000E+02 7.16400524E-05
5.95000000E+02 6.79966120E-05
6.00000000E+02 6.45617853E-05
6.05000000E+02 6.13232325E-05
6.10000000E+02 5.82657426E-05
6.15000000E+02 5.53794792E-05
6.20000000E+02 5.26559881E-05
6.25000000E+02 5.00846119E-05
6.30000000E+02 4.76530553E-05
6.35000000E+02 4.53537735E-05
6.40000000E+02 4.31790824E-05
6.45000000E+02 4.11215032E-05
6.50000000E+02 3.91740737E-05
6.55000000E+02 3.73308189E-05
6.60000000E+02 3.55832138E-05
6.65000000E+02 3.39274746E-05
6.70000000E+02 3.23582993E-05
6.75000000E+02 3.08705832E-05
6.80000000E+02 2.94597664E-05
6.85000000E+02 2.81213813E-05
6.90000000E+02 2.68514149E-05
6.95000000E+02 2.56457075E-05
7.00000000E+02 2.45005437E-05
7.05000000E+02 2.34124580E-05
7.10000000E+02 2.23784219E-05
7.15000000E+02 2.13954856E-05
7.20000000E+02 2.04606547E-05
7.25000000E+02 1.95715296E-05
7.30000000E+02 1.87255793E-05
7.35000000E+02 1.79204940E-05
7.40000000E+02 1.71542484E-05
7.45000000E+02 1.64248624E-05
7.50000000E+02 1.57304427E-05
7.55000000E+02 1.50688661E-05
7.60000000E+02 1.44382667E-05
7.65000000E+02 1.38370546E-05
7.70000000E+02 1.32639009E-05
7.75000000E+02 1.27171902E-05
7.80000000E+02 1.21955100E-05
7.85000000E+02 1.16977967E-05
7.90000000E+02 1.12228341E-05
7.95000000E+02 1.07693964E-05
8.00000000E+02 1.03364082E-05
8.05000000E+02 9.92299602E-06
8.10000000E+02 9.52801984E-06
8.15000000E+02 9.15060429E-06
8.20000000E+02 8.78973159E-06
8.25000000E+02 8.44462628E-06
8.30000000E+02 8.11468292E-06
8.35000000E+02 7.79915268E-06
8.40000000E+02 7.49734439E-06
8.45000000E+02 7.20857507E-06
8.50000000E+02 6.93218344E-06
8.55000000E+02 6.66761622E-06
8.60000000E+02 6.41428645E-06
8.65000000E+02 6.17160028E-06
8.70000000E+02 5.93907758E-06
8.75000000E+02 5.71636005E-06
8.80000000E+02 5.50290453E-06
8.85000000E+02 5.29830182E-06
8.90000000E+02 5.10225624E-06
8.95000000E+02 4.91433307E-06
9.00000000E+02 4.73413123E-06
9.05000000E+02 4.56126929E-06
9.10000000E+02 4.39541394E-06
9.15000000E+02 4.23625453E-06
9.20000000E+02 4.08346410E-06
9.25000000E+02 3.93678469E-06
9.30000000E+02 3.79595897E-06
9.35000000E+02 3.66071762E-06
9.40000000E+02 3.53082507E-06
9.45000000E+02 3.40604133E-06
9.50000000E+02 3.28616193E-06
9.55000000E+02 3.17096218E-06
9.60000000E+02 3.06025175E-06
9.65000000E+02 2.95383666E-06
9.70000000E+02 2.85152894E-06
9.75000000E+02 2.75315639E-06
9.80000000E+02 2.65855418E-06
9.85000000E+02 2.56756050E-06
9.90000000E+02 2.48002436E-06
9.95000000E+02 2.39578297E-06
1.00000000E+03 2.31470460E-06
1.00500000E+03 2.23662998E-06
1.01000000E+03 2.16146301E-06
1.01500000E+03 2.08909811E-06
1.02000000E+03 2.01941555E-06
1.02500000E+03 1.95230615E-06
1.03000000E+03 1.88766098E-06
1.03500000E+03 1.82538792E-06
1.04000000E+03 1.76538836E-06
1.04500000E+03 1.70757123E-06
1.05000000E+03 1.65180416E-06
1.05500000E+03 1.59810292E-06
1.06000000E+03 1.54633421E-06
1.06500000E+03 1.49641854E-06
1.07000000E+03 1.44828544E-06
1.07500000E+03 1.40186181E-06
1.08000000E+03 1.35708102E-06
1.08500000E+03 1.31387581E-06
1.09000000E+03 1.27218704E-06
1.09500000E+03 1.23196601E-06
1.10000000E+03 1.19315185E-06
1.10500000E+03 1.15570383E-06
1.11000000E+03 1.11947961E-06
1.11500000E+03 1.08461053E-06
1.12000000E+03 1.05093493E-06
1.12500000E+03 1.01840133E-06
1.13000000E+03 9.86973818E-07
1.13500000E+03 9.56621884E-07
1.14000000E+03 9.27301534E-07
1.14500000E+03 8.98970146E-07
1.15000000E+03 8.71591155E-07
1.15500000E+03 8.45123881E-07
1.16000000E+03 8.19544433E-07
1.16500000E+03 7.94818798E-07
1.17000000E+03 7.70912194E-07
1.17500000E+03 7.47796671E-07
1.18000000E+03 7.25442024E-07
1.18500000E+03 7.03821914E-07
1.19000000E+03 6.82910402E-07
1.19500000E+03 6.62682483E-07
1.20000000E+03 6.43113993E-07
1.20500000E+03 6.24181381E-07
1.21000000E+03 6.05860056E-07
1.21500000E+03 5.88131284E-07
1.22000000E+03 5.70977298E-07
1.22500000E+03 5.54373500E-07
1.23000000E+03 5.38303905E-07
1.23500000E+03 5.22744943E-07
1.24000000E+03 5.07681576E-07
1.24500000E+03 4.93094989E-07
1.25000000E+03 4.78968289E-07
1.25500000E+03 4.65287375E-07
1.26000000E+03 4.52035341E-07
1.26500000E+03 4.39199051E-07
1.27000000E+03 4.26762714E-07
1.27500000E+03 4.14713463E-07
1.28000000E+03 4.03036953E-07
1.28500000E+03 3.91721710E-07
1.29000000E+03 3.80755267E-07
1.29500000E+03 3.70125768E-07
1.30000000E+03 3.59821875E-07
1.30500000E+03 3.49832593E-07
1.31000000E+03 3.40147497E-07
1.31500000E+03 3.30756365E-07
1.32000000E+03 3.21650246E-07
1.32500000E+03 3.12818123E-07
1.33000000E+03 3.04252392E-07
1.33500000E+03 2.95943210E-07
1.34000000E+03 2.87882738E-07
1.34500000E+03 2.80063278E-07
1.35000000E+03 2.72475865E-07
1.35500000E+03 2.65113573E-07
1.36000000E+03 2.57969148E-07
1.36500000E+03 2.51035883E-07
1.37000000E+03 2.44307846E-07
1.37500000E+03 2.37777836E-07
1.38000000E+03 2.31439170E-07
1.38500000E+03 2.25285620E-07
1.39000000E+03 2.19310382E-07
1.39500000E+03 2.13508157E-07
1.40000000E+03 2.07874013E-07
1.40500000E+03 2.02401446E-07
1.41000000E+03 1.97086013E-07
1.41500000E+03 1.91923811E-07
1.42000000E+03 1.86908663E-07
1.42500000E+03 1.82036636E-07
1.43000000E+03 1.77303589E-07
1.43500000E+03 1.72705132E-07
1.44000000E+03 1.68236524E-07
1.44500000E+03 1.63894212E-07
1.45000000E+03 1.59674064E-07
1.45500000E+03 1.55572544E-07
1.46000000E+03 1.51585828E-07
1.46500000E+03 1.47710658E-07
1.47000000E+03 1.43943788E-07
1.47500000E+03 1.40281728E-07
1.48000000E+03 1.36721332E-07
1.48500000E+03 1.33259501E-07
1.49000000E+03 1.29893294E-07
1.49500000E+03 1.26619829E-07
1.50000000E+03 1.23436218E-07
1.50500000E+03 1.20339840E-07
1.51000000E+03 1.17328119E-07
1.51500000E+03 1.14398679E-07
1.52000000E+03 1.11548991E-07
1.52500000E+03 1.08776733E-07
1.53000000E+03 1.06079947E-07
1.53500000E+03 1.03455943E-07
1.54000000E+03 1.00902804E-07
1.54500000E+03 9.84183025E-08
1.55000000E+03 9.60003851E-08
1.55500000E+03 9.36470724E-08
1.56000000E+03 9.13566707E-08
1.56500000E+03 8.91272186E-08
1.57000000E+03 8.69571571E-08
1.57500000E+03 8.48445587E-08
1.58000000E+03 8.27878704E-08
1.58500000E+03 8.07854233E-08
1.59000000E+03 7.88357818E-08
1.59500000E+03 7.69371745E-08
1.60000000E+03 7.50881599E-08
1.60500000E+03 7.32875122E-08
1.61000000E+03 7.15338916E-08
1.61500000E+03 6.98257785E-08
1.62000000E+03 6.81619976E-08
1.62500000E+03 6.65413060E-08
1.63000000E+03 6.49624602E-08
1.63500000E+03 6.34242986E-08
1.64000000E+03 6.19255531E-08
1.64500000E+03 6.04652570E-08
1.65000000E+03 5.90423609E-08
1.65500000E+03 5.76558289E-08
1.66000000E+03 5.63046432E-08
1.66500000E+03 5.49878243E-08
1.67000000E+03 5.37043705E-08
1.67500000E+03 5.24534134E-08
1.68000000E+03 5.12340646E-08
1.68500000E+03 5.00454571E-08
1.69000000E+03 4.88867387E-08
1.69500000E+03 4.77571570E-08
1.70000000E+03 4.66558839E-08
1.70500000E+03 4.55821252E-08
1.71000000E+03 4.45351463E-08
1.71500000E+03 4.35142147E-08
1.72000000E+03 4.25186390E-08
1.72500000E+03 4.15477488E-08
1.73000000E+03 4.06008782E-08
1.73500000E+03 3.96773719E-08
1.74000000E+03 3.87766261E-08
1.74500000E+03 3.78980291E-08
1.75000000E+03 3.70409964E-08
1.75500000E+03 3.62048986E-08
1.76000000E+03 3.53892198E-08
1.76500000E+03 3.45934219E-08
1.77000000E+03 3.38169820E-08
1.77500000E+03 3.30593909E-08
1.78000000E+03 3.23201539E-08
1.78500000E+03 3.15987856E-08
1.79000000E+03 3.08948708E-08
1.79500000E+03 3.02078628E-08
1.80000000E+03 2.95373808E-08
1.80500000E+03 2.88829905E-08
1.81000000E+03 2.82442981E-08
1.81500000E+03 2.76208387E-08
1.82000000E+03 2.70122377E-08
1.82500000E+03 2.64181284E-08
1.83000000E+03 2.58381290E-08
1.83500000E+03 2.52718808E-08
1.84000000E+03 2.47190278E-08
1.84500000E+03 2.41792239E-08
1.85000000E+03 2.36521581E-08
1.85500000E+03 2.31375090E-08
1.86000000E+03 2.26349434E-08
1.86500000E+03 2.21441217E-08
1.87000000E+03 2.16647673E-08
1.87500000E+03 2.11966393E-08
1.88000000E+03 2.07393706E-08
1.88500000E+03 2.02927536E-08
1.89000000E+03 1.98564982E-08
1.89500000E+03 1.94303476E-08
1.90000000E+03 1.90140494E-08
1.90500000E+03 1.86073902E-08
1.91000000E+03 1.82101060E-08
1.91500000E+03 1.78219304E-08
1.92000000E+03 1.74426646E-08
1.92500000E+03 1.70720916E-08
1.93000000E+03 1.67100007E-08
1.93500000E+03 1.63562270E-08
1.94000000E+03 1.60104906E-08
1.94500000E+03 1.56726182E-08
1.95000000E+03 1.53424015E-08
1.95500000E+03 1.50196686E-08
1.96000000E+03 1.47042898E-08
1.96500000E+03 1.43960346E-08
1.97000000E+03 1.40947099E-08
1.97500000E+03 1.38002226E-08
1.98000000E+03 1.35122855E-08
1.98500000E+03 1.32308100E-08
1.99000000E+03 1.29556272E-08
1.99500000E+03 1.26866210E-08
2.00000000E+03 1.24235962E-08
2.00500000E+03 1.21664316E-08
2.01000000E+03 1.19149713E-08
2.01500000E+03 1.16690864E-08
2.02000000E+03 1.14286730E-08
2.02500000E+03 1.11935770E-08
2.03000000E+03 1.09636685E-08
2.03500000E+03 1.07388652E-08
2.04000000E+03 1.05190002E-08
2.04500000E+03 1.03039737E-08
2.05000000E+03 1.00936705E-08
2.05500000E+03 9.88797005E-09
2.06000000E+03 9.68678894E-09
2.06500000E+03 9.48999366E-09
2.07000000E+03 9.29748854E-09
2.07500000E+03 9.10917279E-09
2.08000000E+03 8.92495885E-09
2.08500000E+03 8.74478706E-09
2.09000000E+03 8.56846158E-09
2.09500000E+03 8.39594001E-09
2.10000000E+03 8.22713790E-09
2.10500000E+03 8.06196045E-09
2.11000000E+03 7.90033619E-09
2.11500000E+03 7.74217930E-09
2.12000000E+03 7.58740628E-09
2.12500000E+03 7.43595496E-09
2.13000000E+03 7.28773281E-09
2.13500000E+03 7.14268102E-09
2.14000000E+03 7.00070440E-09
2.14500000E+03 6.86173822E-09
2.15000000E+03 6.72571755E-09
2.15500000E+03 6.59258172E-09
2.16000000E+03 6.46226567E-09
2.16500000E+03 6.33469893E-09
2.17000000E+03 6.20980169E-09
2.17500000E+03 6.08758278E-09
2.18000000E+03 5.96793705E-09
2.18500000E+03 5.85081585E-09
2.19000000E+03 5.73747739E-09
2.19500000E+03 5.62519658E-09
2.20000000E+03 5.51527589E-09
2.20500000E+03 5.40763863E-09
2.21000000E+03 5.30224286E-09
2.21500000E+03 5.19904151E-09
2.22000000E+03 5.09798757E-09
2.22500000E+03 4.99904332E-09
2.23000000E+03 4.90213887E-09
2.23500000E+03 4.80723258E-09
2.24000000E+03 4.71427970E-09
2.24500000E+03 4.62324622E-09
2.25000000E+03 4.53409235E-09
2.25500000E+03 4.44676619E-09
2.26000000E+03 4.36123542E-09
2.26500000E+03 4.27746331E-09
2.27000000E+03 4.19540226E-09
2.27500000E+03 4.11502481E-09
2.28000000E+03 4.03628721E-09
2.28500000E+03 3.95915342E-09
2.29000000E+03 3.88359040E-09
2.29500000E+03 3.80956340E-09
2.30000000E+03 3.73704134E-09
2.30500000E+03 3.66599683E-09
2.31000000E+03 3.59640470E-09
2.31500000E+03 3.52822415E-09
2.32000000E+03 3.46141078E-09
2.32500000E+03 3.39594420E-09
2.33000000E+03 3.33180030E-09
2.33500000E+03 3.26895088E-09
2.34000000E+03 3.20736887E-09
2.34500000E+03 3.14701405E-09
2.35000000E+03 3.08786919E-09
2.35500000E+03 3.02990775E-09
2.36000000E+03 2.97310352E-09
2.36500000E+03 2.91743418E-09
2.37000000E+03 2.86287285E-09
2.37500000E+03 2.80939170E-09
2.38000000E+03 2.75697488E-09
2.38500000E+03 2.70560122E-09
2.39000000E+03 2.65524751E-09
2.39500000E+03 2.60588977E-09
2.40000000E+03 2.55751161E-09
2.40500000E+03 2.51008944E-09
2.41000000E+03 2.46360109E-09
2.41500000E+03 2.41802728E-09
2.42000000E+03 2.37334862E-09
2.42500000E+03 2.32954978E-09
2.43000000E+03 2.28660995E-09
2.43500000E+03 2.24451048E-09
2.44000000E+03 2.20323420E-09
2.44500000E+03 2.16276307E-09
2.45000000E+03 2.12308188E-09
2.45500000E+03 2.08417301E-09
2.46000000E+03 2.04602007E-09
2.46500000E+03 2.00860900E-09
2.47000000E+03 1.97192348E-09
2.47500000E+03 1.93594913E-09
2.48000000E+03 1.90067357E-09
2.48500000E+03 1.86607760E-09
2.49000000E+03 1.83214998E-09
2.49500000E+03 1.79887669E-09
2.50000000E+03 1.76624413E-09
2.50500000E+03 1.73423928E-09
2.51000000E+03 1.70285282E-09
2.51500000E+03 1.67206560E-09
2.52000000E+03 1.64186811E-09
2.52500000E+03 1.61224967E-09
2.53000000E+03 1.58319943E-09
2.53500000E+03 1.55470335E-09
2.54000000E+03 1.52674978E-09
2.54500000E+03 1.49932825E-09
2.55000000E+03 1.47242884E-09
2.55500000E+03 1.44604060E-09
2.56000000E+03 1.42015392E-09
2.56500000E+03 1.39475860E-09
2.57000000E+03 1.36984375E-09
2.57500000E+03 1.34540271E-09
2.58000000E+03 1.32142116E-09
2.58500000E+03 1.29789546E-09
2.59000000E+03 1.27480982E-09
2.59500000E+03 1.25215773E-09
2.60000000E+03 1.22993128E-09
2.60500000E+03 1.20812226E-09
2.61000000E+03 1.18672193E-09
2.61500000E+03 1.16572231E-09
2.62000000E+03 1.14511491E-09
2.62500000E+03 1.12489256E-09
2.63000000E+03 1.10504787E-09
2.63500000E+03 1.08557292E-09
2.64000000E+03 1.06646053E-09
2.64500000E+03 1.04770367E-09
2.65000000E+03 1.02929545E-09
2.65500000E+03 1.01123018E-09
2.66000000E+03 9.93498736E-10
2.66500000E+03 9.76096400E-10
2.67000000E+03 9.59015221E-10
2.67500000E+03 9.42249069E-10
2.68000000E+03 9.25792988E-10
2.68500000E+03 9.09639534E-10
2.69000000E+03 8.93783625E-10
2.69500000E+03 8.78219489E-10
2.70000000E+03 8.62941318E-10
2.70500000E+03 8.47943704E-10
2.71000000E+03 8.33221029E-10
2.71500000E+03 8.18669006E-10
2.72000000E+03 8.04483354E-10
2.72500000E+03 7.90555677E-10
2.73000000E+03 7.76883407E-10
2.73500000E+03 7.63459606E-10
2.74000000E+03 7.50279951E-10
2.74500000E+03 7.37339950E-10
2.75000000E+03 7.24635274E-10
2.75500000E+03 7.12161735E-10
2.76000000E+03 6.99913998E-10
2.76500000E+03 6.87888384E-10
2.77000000E+03 6.76079943E-10
2.77500000E+03 6.64485547E-10
2.78000000E+03 6.53100252E-10
2.78500000E+03 6.41920799E-10
2.79000000E+03 6.30941922E-10
2.79500000E+03 6.20161012E-10
2.80000000E+03 6.09573976E-10
2.80500000E+03 5.99177691E-10
2.81000000E+03 5.88967389E-10
2.81500000E+03 5.78940162E-10
2.82000000E+03 5.69092959E-10
2.82500000E+03 5.59421594E-10
2.83000000E+03 5.49923043E-10
2.83500000E+03 5.40594341E-10
2.84000000E+03 5.31431750E-10
2.84500000E+03 5.22433059E-10
2.85000000E+03 5.13594401E-10
2.85500000E+03 5.04912942E-10
2.86000000E+03 4.96386107E-10
2.86500000E+03 4.88010623E-10
2.87000000E+03 4.79782978E-10
2.87500000E+03 4.71700941E-10
2.88000000E+03 4.63762427E-10
2.88500000E+03 4.55964085E-10
2.89000000E+03 4.48303310E-10
2.89500000E+03 4.40777741E-10
2.90000000E+03 4.33385058E-10
2.90500000E+03 4.26122279E-10
2.91000000E+03 4.18987200E-10
2.91500000E+03 4.11977539E-10
2.92000000E+03 4.05091341E-10
2.92500000E+03 3.98326320E-10
2.93000000E+03 3.91679654E-10
2.93500000E+03 3.85148840E-10
2.94000000E+03 3.78732297E-10
2.94500000E+03 3.72427893E-10
2.95000000E+03 3.66233760E-10
2.95500000E+03 3.60147454E-10
2.96000000E+03 3.54167249E-10
2.96500000E+03 3.48291099E-10
2.97000000E+03 3.42517499E-10
2.97500000E+03 3.36843887E-10
2.98000000E+03 3.31268952E-10
2.98500000E+03 3.25790585E-10
2.99000000E+03 3.20407185E-10
2.99500000E+03 3.15116909E-10
3.00000000E+03 3.09918246E-10
3.00500000E+03 3.04809271E-10
3.01000000E+03 2.99788540E-10
3.01500000E+03 2.94854421E-10
3.02000000E+03 2.90005253E-10
3.02500000E+03 2.85239571E-10
3.03000000E+03 2.80555820E-10
3.03500000E+03 2.75952584E-10
3.04000000E+03 2.71428749E-10
3.04500000E+03 2.66982146E-10
3.05000000E+03 2.62611792E-10
3.05500000E+03 2.58316256E-10
3.06000000E+03 2.54094210E-10
3.06500000E+03 2.49944439E-10
3.07000000E+03 2.45865458E-10
3.07500000E+03 2.41856165E-10
3.08000000E+03 2.37915088E-10
3.08500000E+03 2.34041138E-10
3.09000000E+03 2.30233297E-10
3.09500000E+03 2.26489998E-10
3.10000000E+03 2.22810287E-10
3.10500000E+03 2.19193020E-10
3.11000000E+03 2.15637143E-10
3.11500000E+03 2.12141481E-10
3.12000000E+03 2.08705048E-10
3.12500000E+03 2.05327268E-10
3.13000000E+03 2.02006012E-10
3.13500000E+03 1.98740835E-10
3.14000000E+03 1.95530754E-10
3.14500000E+03 1.92374767E-10
3.15000000E+03 1.89272033E-10
3.15500000E+03 1.86221582E-10
3.16000000E+03 1.83222255E-10
3.16500000E+03 1.80273351E-10
3.17000000E+03 1.77373910E-10
3.17500000E+03 1.74523149E-10
3.18000000E+03 1.71720319E-10
3.18500000E+03 1.68964373E-10
3.19000000E+03 1.66254491E-10
3.19500000E+03 1.63589887E-10
3.20000000E+03 1.60969851E-10
