7.00000000E+01 4.90023344E+00
7.50000000E+01 3.60027952E+00
8.00000000E+01 2.68918220E+00
8.50000000E+01 2.03860487E+00
9.00000000E+01 1.56709262E+00
9.50000000E+01 1.21949318E+00
1.00000000E+02 9.58881263E-01
1.05000000E+02 7.61584243E-01
1.10000000E+02 6.10578128E-01
1.15000000E+02 4.93387204E-01
1.20000000E+02 4.01917009E-01
1.25000000E+02 3.29860283E-01
1.30000000E+02 2.72469523E-01
1.35000000E+02 2.26438941E-01
1.40000000E+02 1.89295474E-01
1.45000000E+02 1.59152310E-01
1.50000000E+02 1.34441314E-01
1.55000000E+02 1.14103486E-01
1.60000000E+02 9.72612548E-02
1.65000000E+02 8.32686052E-02
1.70000000E+02 7.15777457E-02
1.75000000E+02 6.17619313E-02
1.80000000E+02 5.34820268E-02
1.85000000E+02 4.64690818E-02
1.90000000E+02 4.05037803E-02
1.95000000E+02 3.54071427E-02
2.00000000E+02 3.10416505E-02
2.05000000E+02 2.72919085E-02
2.10000000E+02 2.40610695E-02
2.15000000E+02 2.12657525E-02
2.20000000E+02 1.88389876E-02
2.25000000E+02 1.67286458E-02
2.30000000E+02 1.48889225E-02
2.35000000E+02 1.32814515E-02
2.40000000E+02 1.18699298E-02
2.45000000E+02 1.06304991E-02
2.50000000E+02 9.54030571E-03
2.55000000E+02 8.57726558E-03
2.60000000E+02 7.72525277E-03
2.65000000E+02 6.97008549E-03
2.70000000E+02 6.29908993E-03
2.75000000E+02 5.70073368E-03
2.80000000E+02 5.16722693E-03
2.85000000E+02 4.69041746E-03
2.90000000E+02 4.26382725E-03
2.95000000E+02 3.88189300E-03
3.00000000E+02 3.53832642E-03
3.05000000E+02 3.22932876E-03
3.10000000E+02 2.95123533E-03
3.15000000E+02 2.70046891E-03
3.20000000E+02 2.47373137E-03
3.25000000E+02 2.26824130E-03
3.30000000E+02 2.08238822E-03
3.35000000E+02 1.91410406E-03
3.40000000E+02 1.76131577E-03
3.45000000E+02 1.62231605E-03
3.50000000E+02 1.49579683E-03
3.55000000E+02 1.38052907E-03
3.60000000E+02 1.27534134E-03
3.65000000E+02 1.17922574E-03
3.70000000E+02 1.09133227E-03
3.75000000E+02 1.01088106E-03
3.80000000E+02 9.37166012E-04
3.85000000E+02 8.69580435E-04
3.90000000E+02 8.07533184E-04
3.95000000E+02 7.50514024E-04
4.00000000E+02 6.98073109E-04
4.05000000E+02 6.49790429E-04
4.10000000E+02 6.05294221E-04
4.15000000E+02 5.64256957E-04
4.20000000E+02 5.26371806E-04
4.25000000E+02 4.91371465E-04
4.30000000E+02 4.58997348E-04
4.35000000E+02 4.29017390E-04
4.40000000E+02 4.01256752E-04
4.45000000E+02 3.75522100E-04
4.50000000E+02 3.51656057E-04
4.55000000E+02 3.29504864E-04
4.60000000E+02 3.08931387E-04
4.65000000E+02 2.89811513E-04
4.70000000E+02 2.72034072E-04
4.75000000E+02 2.55492359E-04
4.80000000E+02 2.40090242E-04
4.85000000E+02 2.25739054E-04
4.90000000E+02 2.12361089E-04
4.95000000E+02 1.99878236E-04
5.00000000E+02 1.88221653E-04
5.05000000E+02 1.77322134E-04
5.10000000E+02 1.67127996E-04
5.15000000E+02 1.57595732E-04
5.20000000E+02 1.48683771E-04
5.25000000E+02 1.40342761E-04
5.30000000E+02 1.32527183E-04
5.35000000E+02 1.25208213E-04
5.40000000E+02 1.18341350E-04
5.45000000E+02 1.11898192E-04
5.50000000E+02 1.05851961E-04
5.55000000E+02 1.00176667E-04
5.60000000E+02 9.48431834E-05
5.65000000E+02 8.98274089E-05
5.70000000E+02 8.51102049E-05
5.75000000E+02 8.06715478E-05
5.80000000E+02 7.64930511E-05
5.85000000E+02 7.25594987E-05
5.90000000E+02 6.88523078E-05
5.95000000E+02 6.53591637E-05
6.00000000E+02 6.20672520E-05
6.05000000E+02 5.89625515E-05
6.10000000E+02 5.60322833E-05
6.15000000E+02 5.32654323E-05
6.20000000E+02 5.06523122E-05
6.25000000E+02 4.81832776E-05
6.30000000E+02 4.58494780E-05
6.35000000E+02 4.36426339E-05
6.40000000E+02 4.15549897E-05
6.45000000E+02 3.95793033E-05
6.50000000E+02 3.77088560E-05
6.55000000E+02 3.59375098E-05
6.60000000E+02 3.42594036E-05
6.65000000E+02 3.26691006E-05
6.70000000E+02 3.11611736E-05
6.75000000E+02 2.97309561E-05
6.80000000E+02 2.83742354E-05
6.85000000E+02 2.70871064E-05
6.90000000E+02 2.58662588E-05
6.95000000E+02 2.47074228E-05
7.00000000E+02 2.36075271E-05
7.05000000E+02 2.25622714E-05
7.10000000E+02 2.15687977E-05
7.15000000E+02 2.06239175E-05
7.20000000E+02 1.97252949E-05
7.25000000E+02 1.88703920E-05
7.30000000E+02 1.80569209E-05
7.35000000E+02 1.72825871E-05
7.40000000E+02 1.65453261E-05
7.45000000E+02 1.58426322E-05
7.50000000E+02 1.51733889E-05
7.55000000E+02 1.45360691E-05
7.60000000E+02 1.39288471E-05
7.65000000E+02 1.33501394E-05
7.70000000E+02 1.27982832E-05
7.75000000E+02 1.22719687E-05
7.80000000E+02 1.17699394E-05
7.85000000E+02 1.12909104E-05
7.90000000E+02 1.08336271E-05
7.95000000E+02 1.03968622E-05
8.00000000E+02 9.97964557E-06
8.05000000E+02 9.58117359E-06
8.10000000E+02 9.20046494E-06
8.15000000E+02 8.83671702E-06
8.20000000E+02 8.48895241E-06
8.25000000E+02 8.15641606E-06
8.30000000E+02 7.83838672E-06
8.35000000E+02 7.53416673E-06
8.40000000E+02 7.24294213E-06
8.45000000E+02 6.96445906E-06
8.50000000E+02 6.69797359E-06
8.55000000E+02 6.44288251E-06
8.60000000E+02 6.19861900E-06
8.65000000E+02 5.96465576E-06
8.70000000E+02 5.74049869E-06
8.75000000E+02 5.52570368E-06
8.80000000E+02 5.31983878E-06
8.85000000E+02 5.12249528E-06
8.90000000E+02 4.93326952E-06
8.95000000E+02 4.75182598E-06
9.00000000E+02 4.57779469E-06
9.05000000E+02 4.41085415E-06
9.10000000E+02 4.25067827E-06
9.15000000E+02 4.09697883E-06
9.20000000E+02 3.94946110E-06
9.25000000E+02 3.80786651E-06
9.30000000E+02 3.67189617E-06
9.35000000E+02 3.54131462E-06
9.40000000E+02 3.41589689E-06
9.45000000E+02 3.29540529E-06
9.50000000E+02 3.17960778E-06
9.55000000E+02 3.06832591E-06
9.60000000E+02 2.96137464E-06
9.65000000E+02 2.85853783E-06
9.70000000E+02 2.75962951E-06
9.75000000E+02 2.66451979E-06
9.80000000E+02 2.57304577E-06
9.85000000E+02 2.48505297E-06
9.90000000E+02 2.40039399E-06
9.95000000E+02 2.31893213E-06
1.00000000E+03 2.24053534E-06
1.00500000E+03 2.16507645E-06
1.01000000E+03 2.09243120E-06
1.01500000E+03 2.02248426E-06
1.02000000E+03 1.95512873E-06
1.02500000E+03 1.89025685E-06
1.03000000E+03 1.82776856E-06
1.03500000E+03 1.76756996E-06
1.04000000E+03 1.70957166E-06
1.04500000E+03 1.65368620E-06
1.05000000E+03 1.59982803E-06
1.05500000E+03 1.54790961E-06
1.06000000E+03 1.49785233E-06
1.06500000E+03 1.44958751E-06
1.07000000E+03 1.40304724E-06
1.07500000E+03 1.35815228E-06
1.08000000E+03 1.31485227E-06
1.08500000E+03 1.27322600E-06
1.09000000E+03 1.23292973E-06
1.09500000E+03 1.19403098E-06
1.10000000E+03 1.15649316E-06
1.10500000E+03 1.12026504E-06
1.11000000E+03 1.08521162E-06
1.11500000E+03 1.05144774E-06
1.12000000E+03 1.01883504E-06
1.12500000E+03 9.87331290E-07
1.13000000E+03 9.56897836E-07
1.13500000E+03 9.27498576E-07
1.14000000E+03 8.99091062E-07
1.14500000E+03 8.71641966E-07
1.15000000E+03 8.45118249E-07
1.15500000E+03 8.19485028E-07
1.16000000E+03 7.94709562E-07
1.16500000E+03 7.70759545E-07
1.17000000E+03 7.47607477E-07
1.17500000E+03 7.25223120E-07
1.18000000E+03 7.03575210E-07
1.18500000E+03 6.82639931E-07
1.19000000E+03 6.62391026E-07
1.19500000E+03 6.42803282E-07
1.20000000E+03 6.23853521E-07
1.20500000E+03 6.05518483E-07
1.21000000E+03 5.87778023E-07
1.21500000E+03 5.70609866E-07
1.22000000E+03 5.53993261E-07
1.22500000E+03 5.37908357E-07
1.23000000E+03 5.22337042E-07
1.23500000E+03 5.07261631E-07
1.24000000E+03 4.92664048E-07
1.24500000E+03 4.78528843E-07
1.25000000E+03 4.64839232E-07
1.25500000E+03 4.51579137E-07
1.26000000E+03 4.38734430E-07
1.26500000E+03 4.26291906E-07
1.27000000E+03 4.14236739E-07
1.27500000E+03 4.02555557E-07
1.28000000E+03 3.91235947E-07
1.28500000E+03 3.80266461E-07
1.29000000E+03 3.69633997E-07
1.29500000E+03 3.59328581E-07
1.30000000E+03 3.49337823E-07
1.30500000E+03 3.39651734E-07
1.31000000E+03 3.30259929E-07
1.31500000E+03 3.21152888E-07
1.32000000E+03 3.12321247E-07
1.32500000E+03 3.03757284E-07
1.33000000E+03 2.95451888E-07
1.33500000E+03 2.87393865E-07
1.34000000E+03 2.79576087E-07
1.34500000E+03 2.71991316E-07
1.35000000E+03 2.64632591E-07
1.35500000E+03 2.57491736E-07
1.36000000E+03 2.50562193E-07
1.36500000E+03 2.43836520E-07
1.37000000E+03 2.37308346E-07
1.37500000E+03 2.30972041E-07
1.38000000E+03 2.24821185E-07
1.38500000E+03 2.18847857E-07
1.39000000E+03 2.13047627E-07
1.39500000E+03 2.07415313E-07
1.40000000E+03 2.01945902E-07
1.40500000E+03 1.96634515E-07
1.41000000E+03 1.91475929E-07
1.41500000E+03 1.86464991E-07
1.42000000E+03 1.81597625E-07
1.42500000E+03 1.76869418E-07
1.43000000E+03 1.72275912E-07
1.43500000E+03 1.67812867E-07
1.44000000E+03 1.63476132E-07
1.44500000E+03 1.59261893E-07
1.45000000E+03 1.55166540E-07
1.45500000E+03 1.51186285E-07
1.46000000E+03 1.47317577E-07
1.46500000E+03 1.43557200E-07
1.47000000E+03 1.39901818E-07
1.47500000E+03 1.36348137E-07
1.48000000E+03 1.32892697E-07
1.48500000E+03 1.29532770E-07
1.49000000E+03 1.26265508E-07
1.49500000E+03 1.23088203E-07
1.50000000E+03 1.19998195E-07
1.50500000E+03 1.16992944E-07
1.51000000E+03 1.14069716E-07
1.51500000E+03 1.11226130E-07
1.52000000E+03 1.08459533E-07
1.52500000E+03 1.05767832E-07
1.53000000E+03 1.03148970E-07
1.53500000E+03 1.00600772E-07
1.54000000E+03 9.81213552E-08
1.54500000E+03 9.57082918E-08
1.55000000E+03 9.33598054E-08
1.55500000E+03 9.10740295E-08
1.56000000E+03 8.88492072E-08
1.56500000E+03 8.66834751E-08
1.57000000E+03 8.45751488E-08
1.57500000E+03 8.25226233E-08
1.58000000E+03 8.05243203E-08
1.58500000E+03 7.85786371E-08
1.59000000E+03 7.66841167E-08
1.59500000E+03 7.48393003E-08
1.60000000E+03 7.30427421E-08
1.60500000E+03 7.12930723E-08
1.61000000E+03 6.95889656E-08
1.61500000E+03 6.79291747E-08
1.62000000E+03 6.63123238E-08
1.62500000E+03 6.47373780E-08
1.63000000E+03 6.32029507E-08
1.63500000E+03 6.17080563E-08
1.64000000E+03 6.02515193E-08
1.64500000E+03 5.88322889E-08
1.65000000E+03 5.74493592E-08
1.65500000E+03 5.61017075E-08
1.66000000E+03 5.47883658E-08
1.66500000E+03 5.35084689E-08
1.67000000E+03 5.22609421E-08
1.67500000E+03 5.10449606E-08
1.68000000E+03 4.98596595E-08
1.68500000E+03 4.87042683E-08
1.69000000E+03 4.75778452E-08
1.69500000E+03 4.64796737E-08
1.70000000E+03 4.54089741E-08
1.70500000E+03 4.43650552E-08
1.71000000E+03 4.33470980E-08
1.71500000E+03 4.23545167E-08
1.72000000E+03 4.13865048E-08
1.72500000E+03 4.04424415E-08
1.73000000E+03 3.95217041E-08
1.73500000E+03 3.86236773E-08
1.74000000E+03 3.77477616E-08
1.74500000E+03 3.68933539E-08
1.75000000E+03 3.60598956E-08
1.75500000E+03 3.52468292E-08
1.76000000E+03 3.44535631E-08
1.76500000E+03 3.36795818E-08
1.77000000E+03 3.29244033E-08
1.77500000E+03 3.21875742E-08
1.78000000E+03 3.14685623E-08
1.78500000E+03 3.07669218E-08
1.79000000E+03 3.00821964E-08
1.79500000E+03 2.94139499E-08
1.80000000E+03 2.87617741E-08
1.80500000E+03 2.81252133E-08
1.81000000E+03 2.75038570E-08
1.81500000E+03 2.68973088E-08
1.82000000E+03 2.63052135E-08
1.82500000E+03 2.57272025E-08
1.83000000E+03 2.51629164E-08
1.83500000E+03 2.46119852E-08
1.84000000E+03 2.40740926E-08
1.84500000E+03 2.35488925E-08
1.85000000E+03 2.30360795E-08
1.85500000E+03 2.25352921E-08
1.86000000E+03 2.20462333E-08
1.86500000E+03 2.15686914E-08
1.87000000E+03 2.11023192E-08
1.87500000E+03 2.06467933E-08
1.88000000E+03 2.02018737E-08
1.88500000E+03 1.97673134E-08
1.89000000E+03 1.93427804E-08
1.89500000E+03 1.89280594E-08
1.90000000E+03 1.85229025E-08
1.90500000E+03 1.81270824E-08
1.91000000E+03 1.77403965E-08
1.91500000E+03 1.73625905E-08
1.92000000E+03 1.69934214E-08
1.92500000E+03 1.66327446E-08
1.93000000E+03 1.62802768E-08
1.93500000E+03 1.59358540E-08
1.94000000E+03 1.55992989E-08
1.94500000E+03 1.52704488E-08
1.95000000E+03 1.49490458E-08
1.95500000E+03 1.46349053E-08
1.96000000E+03 1.43278593E-08
1.96500000E+03 1.40277565E-08
1.97000000E+03 1.37344342E-08
1.97500000E+03 1.34476769E-08
1.98000000E+03 1.31673700E-08
1.98500000E+03 1.28933507E-08
1.99000000E+03 1.26254923E-08
1.99500000E+03 1.23636123E-08
2.00000000E+03 1.21075503E-08
