7.00000000E+01 1.28824308E+02
7.50000000E+01 1.14507966E+02
8.00000000E+01 1.02427451E+02
8.50000000E+01 9.21250271E+01
9.00000000E+01 8.32775682E+01
9.50000000E+01 7.56245501E+01
1.00000000E+02 6.89634802E+01
1.05000000E+02 6.31323956E+01
1.10000000E+02 5.79999660E+01
1.15000000E+02 5.34568276E+01
1.20000000E+02 4.94157348E+01
1.25000000E+02 4.58116624E+01
1.30000000E+02 4.25863065E+01
1.35000000E+02 3.96875444E+01
1.40000000E+02 3.70750190E+01
1.45000000E+02 3.47137953E+01
1.50000000E+02 3.25737128E+01
1.55000000E+02 3.06212094E+01
1.60000000E+02 2.88467253E+01
1.65000000E+02 2.72242493E+01
1.70000000E+02 2.57384052E+01
1.75000000E+02 2.43754600E+01
1.80000000E+02 2.31220772E+01
1.85000000E+02 2.19688405E+01
1.90000000E+02 2.09051378E+01
1.95000000E+02 1.99228229E+01
2.00000000E+02 1.90136760E+01
2.05000000E+02 1.81712039E+01
2.10000000E+02 1.73910355E+01
2.15000000E+02 1.66670941E+01
2.20000000E+02 1.59948955E+01
2.25000000E+02 1.53702850E+01
2.30000000E+02 1.47892266E+01
2.35000000E+02 1.42488129E+01
2.40000000E+02 1.37462629E+01
2.45000000E+02 1.32781781E+01
2.50000000E+02 1.28428391E+01
2.55000000E+02 1.24382857E+01
2.60000000E+02 1.20623143E+01
2.65000000E+02 1.17135888E+01
2.70000000E+02 1.13905095E+01
2.75000000E+02 1.10922692E+01
2.80000000E+02 1.08176527E+01
2.85000000E+02 1.05658303E+01
2.90000000E+02 1.03362498E+01
2.95000000E+02 1.01289027E+01
3.00000000E+02 9.94349608E+00
3.05000000E+02 9.78065312E+00
3.10000000E+02 9.64106981E+00
3.15000000E+02 9.52609012E+00
3.20000000E+02 9.43778691E+00
3.25000000E+02 9.37956599E+00
3.30000000E+02 9.35708616E+00
3.35000000E+02 9.38044540E+00
3.40000000E+02 9.46902963E+00
3.45000000E+02 9.67375075E+00
3.50000000E+02 1.01581393E+01
3.55000000E+02 1.04087272E+01
3.60000000E+02 1.05404135E+01
3.65000000E+02 1.05765035E+01
3.70000000E+02 1.05362050E+01
3.75000000E+02 1.04348457E+01
3.80000000E+02 1.02852165E+01
3.85000000E+02 1.00973512E+01
3.90000000E+02 9.87989939E+00
3.95000000E+02 9.63986887E+00
4.00000000E+02 9.38299150E+00
4.05000000E+02 9.11412490E+00
4.10000000E+02 8.83719277E+00
4.15000000E+02 8.55546018E+00
4.20000000E+02 8.27166886E+00
4.25000000E+02 7.98806161E+00
4.30000000E+02 7.70643136E+00
4.35000000E+02 7.42822207E+00
4.40000000E+02 7.15459155E+00
4.45000000E+02 6.88644034E+00
4.50000000E+02 6.62452832E+00
4.55000000E+02 6.36938738E+00
4.60000000E+02 6.12141205E+00
4.65000000E+02 5.88086206E+00
4.70000000E+02 5.64795414E+00
4.75000000E+02 5.42276415E+00
4.80000000E+02 5.20530634E+00
4.85000000E+02 4.99558091E+00
4.90000000E+02 4.79356725E+00
4.95000000E+02 4.59909821E+00
5.00000000E+02 4.41206086E+00
5.05000000E+02 4.23231972E+00
5.10000000E+02 4.05971038E+00
5.15000000E+02 3.89399878E+00
5.20000000E+02 3.73497407E+00
5.25000000E+02 3.58242883E+00
5.30000000E+02 3.43613812E+00
5.35000000E+02 3.29593035E+00
5.40000000E+02 3.16156924E+00
5.45000000E+02 3.03282279E+00
5.50000000E+02 2.90949149E+00
5.55000000E+02 2.79135206E+00
5.60000000E+02 2.67811252E+00
5.65000000E+02 2.56980698E+00
5.70000000E+02 2.46607210E+00
5.75000000E+02 2.36674785E+00
5.80000000E+02 2.27166077E+00
5.85000000E+02 2.18063294E+00
5.90000000E+02 2.09347259E+00
5.95000000E+02 2.01003023E+00
6.00000000E+02 1.93014973E+00
6.05000000E+02 1.85365430E+00
6.10000000E+02 1.78042061E+00
6.15000000E+02 1.71027557E+00
6.20000000E+02 1.64311221E+00
6.25000000E+02 1.57880221E+00
6.30000000E+02 1.51721233E+00
6.35000000E+02 1.45821353E+00
6.40000000E+02 1.40170468E+00
6.45000000E+02 1.34757455E+00
6.50000000E+02 1.29571706E+00
6.55000000E+02 1.24603426E+00
6.60000000E+02 1.19841041E+00
6.65000000E+02 1.15277095E+00
6.70000000E+02 1.10902811E+00
6.75000000E+02 1.06711206E+00
6.80000000E+02 1.02692768E+00
6.85000000E+02 9.88389323E-01
6.90000000E+02 9.51431075E-01
6.95000000E+02 9.15990037E-01
7.00000000E+02 8.81996011E-01
7.05000000E+02 8.49373542E-01
7.10000000E+02 8.18073205E-01
7.15000000E+02 7.88040583E-01
7.20000000E+02 7.59215214E-01
7.25000000E+02 7.31548012E-01
7.30000000E+02 7.04988428E-01
7.35000000E+02 6.79490321E-01
7.40000000E+02 6.55001576E-01
7.45000000E+02 6.31483952E-01
7.50000000E+02 6.08898307E-01
7.55000000E+02 5.87197833E-01
7.60000000E+02 5.66347720E-01
7.65000000E+02 5.46311923E-01
7.70000000E+02 5.27059205E-01
7.75000000E+02 5.08555965E-01
7.80000000E+02 4.90766679E-01
7.85000000E+02 4.73665772E-01
7.90000000E+02 4.57214939E-01
7.95000000E+02 4.41394221E-01
8.00000000E+02 4.26179113E-01
8.05000000E+02 4.11542444E-01
8.10000000E+02 3.97458736E-01
8.15000000E+02 3.83910630E-01
8.20000000E+02 3.70872103E-01
8.25000000E+02 3.58318479E-01
8.30000000E+02 3.46232034E-01
8.35000000E+02 3.34597309E-01
8.40000000E+02 3.23395190E-01
8.45000000E+02 3.12607092E-01
8.50000000E+02 3.02215985E-01
8.55000000E+02 2.92205673E-01
8.60000000E+02 2.82560977E-01
8.65000000E+02 2.73267497E-01
8.70000000E+02 2.64312135E-01
8.75000000E+02 2.55681077E-01
8.80000000E+02 2.47360121E-01
8.85000000E+02 2.39337574E-01
8.90000000E+02 2.31602509E-01
8.95000000E+02 2.24143001E-01
9.00000000E+02 2.16948517E-01
9.05000000E+02 2.10008445E-01
9.10000000E+02 2.03313215E-01
9.15000000E+02 1.96854174E-01
9.20000000E+02 1.90622338E-01
9.25000000E+02 1.84608021E-01
9.30000000E+02 1.78802649E-01
9.35000000E+02 1.73198548E-01
9.40000000E+02 1.67787675E-01
9.45000000E+02 1.62562971E-01
9.50000000E+02 1.57517646E-01
9.55000000E+02 1.52645126E-01
9.60000000E+02 1.47938858E-01
9.65000000E+02 1.43392735E-01
9.70000000E+02 1.39000689E-01
9.75000000E+02 1.34756959E-01
9.80000000E+02 1.30656047E-01
9.85000000E+02 1.26692628E-01
9.90000000E+02 1.22861434E-01
9.95000000E+02 1.19158165E-01
1.00000000E+03 1.15579048E-01
1.00500000E+03 1.12117956E-01
1.01000000E+03 1.08770979E-01
1.01500000E+03 1.05534032E-01
1.02000000E+03 1.02403020E-01
1.02500000E+03 9.93743161E-02
1.03000000E+03 9.64442929E-02
1.03500000E+03 9.36094469E-02
1.04000000E+03 9.08664229E-02
1.04500000E+03 8.82118008E-02
1.05000000E+03 8.56425807E-02
1.05500000E+03 8.31556951E-02
1.06000000E+03 8.07482630E-02
1.06500000E+03 7.84175850E-02
1.07000000E+03 7.61607978E-02
1.07500000E+03 7.39755069E-02
1.08000000E+03 7.18592164E-02
1.08500000E+03 6.98094552E-02
1.09000000E+03 6.78242183E-02
1.09500000E+03 6.59012713E-02
1.10000000E+03 6.40382583E-02
1.10500000E+03 6.22331128E-02
1.11000000E+03 6.04831999E-02
1.11500000E+03 5.87880929E-02
1.12000000E+03 5.71451852E-02
1.12500000E+03 5.55527978E-02
1.13000000E+03 5.40091366E-02
1.13500000E+03 5.25126686E-02
1.14000000E+03 5.10617955E-02
1.14500000E+03 4.96548438E-02
1.15000000E+03 4.82903992E-02
1.15500000E+03 4.69672631E-02
1.16000000E+03 4.56838319E-02
1.16500000E+03 4.44388672E-02
1.17000000E+03 4.32311848E-02
1.17500000E+03 4.20595527E-02
1.18000000E+03 4.09227710E-02
1.18500000E+03 3.98196735E-02
1.19000000E+03 3.87492195E-02
1.19500000E+03 3.77103988E-02
1.20000000E+03 3.67021916E-02
1.20500000E+03 3.57236351E-02
1.21000000E+03 3.47736881E-02
1.21500000E+03 3.38514197E-02
1.22000000E+03 3.29559492E-02
1.22500000E+03 3.20864636E-02
1.23000000E+03 3.12421661E-02
1.23500000E+03 3.04222324E-02
1.24000000E+03 2.96259030E-02
1.24500000E+03 2.88524240E-02
1.25000000E+03 2.81010577E-02
1.25500000E+03 2.73711195E-02
1.26000000E+03 2.66619498E-02
1.26500000E+03 2.59729018E-02
1.27000000E+03 2.53033513E-02
1.27500000E+03 2.46527474E-02
1.28000000E+03 2.40205344E-02
1.28500000E+03 2.34060310E-02
1.29000000E+03 2.28086386E-02
1.29500000E+03 2.22278599E-02
1.30000000E+03 2.16633144E-02
1.30500000E+03 2.11144367E-02
1.31000000E+03 2.05809444E-02
1.31500000E+03 2.00621352E-02
1.32000000E+03 1.95576018E-02
1.32500000E+03 1.90668888E-02
1.33000000E+03 1.85896360E-02
1.33500000E+03 1.81254557E-02
1.34000000E+03 1.76739971E-02
1.34500000E+03 1.72348478E-02
1.35000000E+03 1.68076567E-02
1.35500000E+03 1.63920217E-02
1.36000000E+03 1.59875653E-02
1.36500000E+03 1.55939713E-02
1.37000000E+03 1.52109667E-02
1.37500000E+03 1.48382030E-02
1.38000000E+03 1.44754417E-02
1.38500000E+03 1.41224292E-02
1.39000000E+03 1.37788337E-02
1.39500000E+03 1.34443419E-02
1.40000000E+03 1.31186779E-02
1.40500000E+03 1.28015601E-02
1.41000000E+03 1.24928022E-02
1.41500000E+03 1.21921257E-02
1.42000000E+03 1.18993139E-02
1.42500000E+03 1.16141673E-02
1.43000000E+03 1.13365050E-02
1.43500000E+03 1.10660767E-02
1.44000000E+03 1.08027134E-02
1.44500000E+03 1.05461728E-02
1.45000000E+03 1.02963079E-02
1.45500000E+03 1.00528965E-02
1.46000000E+03 9.81575714E-03
1.46500000E+03 9.58470908E-03
1.47000000E+03 9.35958156E-03
1.47500000E+03 9.14020943E-03
1.48000000E+03 8.92641960E-03
1.48500000E+03 8.71808092E-03
1.49000000E+03 8.51503217E-03
1.49500000E+03 8.31712535E-03
1.50000000E+03 8.12423811E-03
1.50500000E+03 7.93637095E-03
1.51000000E+03 7.75319104E-03
1.51500000E+03 7.57457787E-03
1.52000000E+03 7.40039280E-03
1.52500000E+03 7.23053849E-03
1.53000000E+03 7.06493677E-03
1.53500000E+03 6.90346686E-03
1.54000000E+03 6.74600351E-03
1.54500000E+03 6.59243855E-03
1.55000000E+03 6.44266249E-03
1.55500000E+03 6.29658303E-03
1.56000000E+03 6.15406769E-03
1.56500000E+03 6.01509831E-03
1.57000000E+03 5.87953006E-03
1.57500000E+03 5.74727363E-03
1.58000000E+03 5.61825750E-03
1.58500000E+03 5.49233567E-03
1.59000000E+03 5.36950239E-03
1.59500000E+03 5.24968511E-03
1.60000000E+03 5.13275815E-03
1.60500000E+03 5.01867226E-03
1.61000000E+03 4.90733517E-03
1.61500000E+03 4.79869099E-03
1.62000000E+03 4.69266365E-03
1.62500000E+03 4.58914810E-03
1.63000000E+03 4.48806042E-03
1.63500000E+03 4.38936848E-03
1.64000000E+03 4.29306933E-03
1.64500000E+03 4.19907156E-03
1.65000000E+03 4.10729731E-03
1.65500000E+03 4.01768415E-03
1.66000000E+03 3.93019351E-03
1.66500000E+03 3.84478132E-03
1.67000000E+03 3.76138975E-03
1.67500000E+03 3.67995913E-03
1.68000000E+03 3.60043509E-03
1.68500000E+03 3.52276652E-03
1.69000000E+03 3.44690678E-03
1.69500000E+03 3.37280856E-03
1.70000000E+03 3.30044330E-03
1.70500000E+03 3.22976941E-03
1.71000000E+03 3.16072884E-03
1.71500000E+03 3.09328660E-03
1.72000000E+03 3.02740517E-03
1.72500000E+03 2.96303275E-03
1.73000000E+03 2.90012024E-03
1.73500000E+03 2.83864738E-03
1.74000000E+03 2.77859675E-03
1.74500000E+03 2.71992893E-03
1.75000000E+03 2.66259407E-03
1.75500000E+03 2.60655836E-03
1.76000000E+03 2.55178480E-03
1.76500000E+03 2.49827294E-03
1.77000000E+03 2.44598167E-03
1.77500000E+03 2.39485902E-03
1.78000000E+03 2.34489274E-03
1.78500000E+03 2.29606039E-03
1.79000000E+03 2.24832746E-03
1.79500000E+03 2.20167163E-03
1.80000000E+03 2.15604213E-03
1.80500000E+03 2.11142916E-03
1.81000000E+03 2.06781637E-03
1.81500000E+03 2.02516754E-03
1.82000000E+03 1.98346542E-03
1.82500000E+03 1.94269106E-03
1.83000000E+03 1.90281684E-03
1.83500000E+03 1.86383655E-03
1.84000000E+03 1.82570898E-03
1.84500000E+03 1.78843866E-03
1.85000000E+03 1.75199173E-03
1.85500000E+03 1.71632020E-03
1.86000000E+03 1.68144795E-03
1.86500000E+03 1.64733865E-03
1.87000000E+03 1.61396507E-03
1.87500000E+03 1.58132124E-03
1.88000000E+03 1.54938450E-03
1.88500000E+03 1.51813441E-03
1.89000000E+03 1.48756168E-03
1.89500000E+03 1.45764894E-03
1.90000000E+03 1.42837696E-03
1.90500000E+03 1.39973080E-03
1.91000000E+03 1.37169836E-03
1.91500000E+03 1.34425954E-03
1.92000000E+03 1.31741005E-03
1.92500000E+03 1.29117641E-03
1.93000000E+03 1.26564670E-03
1.93500000E+03 1.24083641E-03
1.94000000E+03 1.21641925E-03
1.94500000E+03 1.19235878E-03
1.95000000E+03 1.16876623E-03
1.95500000E+03 1.14567043E-03
1.96000000E+03 1.12306744E-03
1.96500000E+03 1.10095740E-03
1.97000000E+03 1.07931869E-03
1.97500000E+03 1.05813869E-03
1.98000000E+03 1.03740499E-03
1.98500000E+03 1.01711119E-03
1.99000000E+03 9.97243496E-04
1.99500000E+03 9.77791113E-04
2.00000000E+03 9.58745865E-04
