7.00000000E+01 2.95639944E+02
7.50000000E+01 2.63200891E+02
8.00000000E+01 2.35821130E+02
8.50000000E+01 2.12468539E+02
9.00000000E+01 1.92420790E+02
9.50000000E+01 1.75075486E+02
1.00000000E+02 1.59980870E+02
1.05000000E+02 1.46767295E+02
1.10000000E+02 1.35137935E+02
1.15000000E+02 1.24844603E+02
1.20000000E+02 1.15696700E+02
1.25000000E+02 1.07543326E+02
1.30000000E+02 1.00247793E+02
1.35000000E+02 9.36959627E+01
1.40000000E+02 8.77947775E+01
1.45000000E+02 8.24638372E+01
1.50000000E+02 7.76245892E+01
1.55000000E+02 7.32477270E+01
1.60000000E+02 6.92551932E+01
1.65000000E+02 6.56102511E+01
1.70000000E+02 6.22811804E+01
1.75000000E+02 5.92373612E+01
1.80000000E+02 5.64397441E+01
1.85000000E+02 5.38757488E+01
1.90000000E+02 5.15218737E+01
1.95000000E+02 4.93567189E+01
2.00000000E+02 4.73630883E+01
2.05000000E+02 4.55265011E+01
2.10000000E+02 4.38362337E+01
2.15000000E+02 4.22811691E+01
2.20000000E+02 4.08504901E+01
2.25000000E+02 3.95344861E+01
2.30000000E+02 3.83270465E+01
2.35000000E+02 3.72219061E+01
2.40000000E+02 3.62130159E+01
2.45000000E+02 3.52946890E+01
2.50000000E+02 3.44647481E+01
2.55000000E+02 3.37196431E+01
2.60000000E+02 3.30574974E+01
2.65000000E+02 3.24777847E+01
2.70000000E+02 3.19791675E+01
2.75000000E+02 3.15645560E+01
2.80000000E+02 3.12370202E+01
2.85000000E+02 3.09996218E+01
2.90000000E+02 3.08585534E+01
2.95000000E+02 3.08250140E+01
3.00000000E+02 3.09103198E+01
3.05000000E+02 3.11364979E+01
3.10000000E+02 3.15289429E+01
3.15000000E+02 3.21320729E+01
3.20000000E+02 3.30084200E+01
3.25000000E+02 3.42634958E+01
3.30000000E+02 3.60890581E+01
3.35000000E+02 3.88746028E+01
3.40000000E+02 4.36794200E+01
3.50000000E+02 6.21684204E+01
3.55000000E+02 5.51371423E+01
3.60000000E+02 5.01569585E+01
3.65000000E+02 4.61211771E+01
3.70000000E+02 4.25962889E+01
3.75000000E+02 3.94846361E+01
3.80000000E+02 3.66754667E+01
3.85000000E+02 3.41335989E+01
3.90000000E+02 3.18142335E+01
3.95000000E+02 2.96904458E+01
4.00000000E+02 2.77425268E+01
4.05000000E+02 2.59478625E+01
4.10000000E+02 2.42922548E+01
4.15000000E+02 2.27632930E+01
4.20000000E+02 2.13479804E+01
4.25000000E+02 2.00362028E+01
4.30000000E+02 1.88192380E+01
4.35000000E+02 1.76892754E+01
4.40000000E+02 1.66383826E+01
4.45000000E+02 1.56599827E+01
4.50000000E+02 1.47484147E+01
4.55000000E+02 1.38983905E+01
4.60000000E+02 1.31050294E+01
4.65000000E+02 1.23640021E+01
4.70000000E+02 1.16714178E+01
4.75000000E+02 1.10235094E+01
4.80000000E+02 1.04169940E+01
4.85000000E+02 9.84882630E+00
4.90000000E+02 9.31635378E+00
4.95000000E+02 8.81750980E+00
5.00000000E+02 8.34872717E+00
5.05000000E+02 7.90855969E+00
5.10000000E+02 7.49499934E+00
5.15000000E+02 7.10600346E+00
5.20000000E+02 6.74034800E+00
5.25000000E+02 6.39617259E+00
5.30000000E+02 6.07222564E+00
5.35000000E+02 5.76693445E+00
5.40000000E+02 5.47922438E+00
5.45000000E+02 5.20785303E+00
5.50000000E+02 4.95177321E+00
5.55000000E+02 4.71005921E+00
5.60000000E+02 4.48158256E+00
5.65000000E+02 4.26595611E+00
5.70000000E+02 4.06207374E+00
5.75000000E+02 3.86932965E+00
5.80000000E+02 3.68696274E+00
5.85000000E+02 3.51441024E+00
5.90000000E+02 3.35097919E+00
5.95000000E+02 3.19618824E+00
6.00000000E+02 3.04951571E+00
6.05000000E+02 2.91047547E+00
6.10000000E+02 2.77865496E+00
6.15000000E+02 2.65358790E+00
6.20000000E+02 2.53490952E+00
6.25000000E+02 2.42225904E+00
6.30000000E+02 2.31528553E+00
6.35000000E+02 2.21365216E+00
6.40000000E+02 2.11707405E+00
6.45000000E+02 2.02526725E+00
6.50000000E+02 1.93797056E+00
6.55000000E+02 1.85493594E+00
6.60000000E+02 1.77590620E+00
6.65000000E+02 1.70068698E+00
6.70000000E+02 1.62907173E+00
6.75000000E+02 1.56087308E+00
6.80000000E+02 1.49590335E+00
6.85000000E+02 1.43398559E+00
6.90000000E+02 1.37495924E+00
6.95000000E+02 1.31867891E+00
7.00000000E+02 1.26499712E+00
7.05000000E+02 1.21376175E+00
7.10000000E+02 1.16486728E+00
7.15000000E+02 1.11819707E+00
7.20000000E+02 1.07363162E+00
7.25000000E+02 1.03106639E+00
7.30000000E+02 9.90404616E-01
7.35000000E+02 9.51546782E-01
7.40000000E+02 9.14402756E-01
7.45000000E+02 8.78892772E-01
7.50000000E+02 8.44933191E-01
7.55000000E+02 8.12446987E-01
7.60000000E+02 7.81364895E-01
7.65000000E+02 7.51620754E-01
7.70000000E+02 7.23155034E-01
7.75000000E+02 6.95896484E-01
7.80000000E+02 6.69802023E-01
7.85000000E+02 6.44805037E-01
7.90000000E+02 6.20840306E-01
7.95000000E+02 5.97887861E-01
8.00000000E+02 5.75882505E-01
8.05000000E+02 5.54785749E-01
8.10000000E+02 5.34560119E-01
8.15000000E+02 5.15159599E-01
8.20000000E+02 4.96548876E-01
8.25000000E+02 4.78692423E-01
8.30000000E+02 4.61548916E-01
8.35000000E+02 4.45093576E-01
8.40000000E+02 4.29300553E-01
8.45000000E+02 4.14135602E-01
8.50000000E+02 3.99568527E-01
8.55000000E+02 3.85575297E-01
8.60000000E+02 3.72130831E-01
8.65000000E+02 3.59208882E-01
8.70000000E+02 3.46788013E-01
8.75000000E+02 3.34851099E-01
8.80000000E+02 3.23372036E-01
8.85000000E+02 3.12331225E-01
8.90000000E+02 3.01711202E-01
8.95000000E+02 2.91495935E-01
9.00000000E+02 2.81665523E-01
9.05000000E+02 2.72204407E-01
9.10000000E+02 2.63097678E-01
9.15000000E+02 2.54332306E-01
9.20000000E+02 2.45892942E-01
9.25000000E+02 2.37765352E-01
9.30000000E+02 2.29936710E-01
9.35000000E+02 2.22396112E-01
9.40000000E+02 2.15130418E-01
9.45000000E+02 2.08128854E-01
9.50000000E+02 2.01380979E-01
9.55000000E+02 1.94877153E-01
9.60000000E+02 1.88607676E-01
9.65000000E+02 1.82562614E-01
9.70000000E+02 1.76732956E-01
9.75000000E+02 1.71110184E-01
9.80000000E+02 1.65686492E-01
9.85000000E+02 1.60454088E-01
9.90000000E+02 1.55404851E-01
9.95000000E+02 1.50532779E-01
1.00000000E+03 1.45832132E-01
1.00500000E+03 1.41293757E-01
1.01000000E+03 1.36911955E-01
1.01500000E+03 1.32681189E-01
1.02000000E+03 1.28595465E-01
1.02500000E+03 1.24649311E-01
1.03000000E+03 1.20837492E-01
1.03500000E+03 1.17154975E-01
1.04000000E+03 1.13597000E-01
1.04500000E+03 1.10159054E-01
1.05000000E+03 1.06836560E-01
1.05500000E+03 1.03625103E-01
1.06000000E+03 1.00520656E-01
1.06500000E+03 9.75191878E-02
1.07000000E+03 9.46169194E-02
1.07500000E+03 9.18107093E-02
1.08000000E+03 8.90970191E-02
1.08500000E+03 8.64722229E-02
1.09000000E+03 8.39331012E-02
1.09500000E+03 8.14762514E-02
1.10000000E+03 7.91016032E-02
1.10500000E+03 7.68006996E-02
1.11000000E+03 7.45729562E-02
1.11500000E+03 7.24175999E-02
1.12000000E+03 7.03310567E-02
1.12500000E+03 6.83110245E-02
1.13000000E+03 6.63551946E-02
1.13500000E+03 6.44614072E-02
1.14000000E+03 6.26274864E-02
1.14500000E+03 6.08510061E-02
1.15000000E+03 5.91300690E-02
1.15500000E+03 5.74630147E-02
1.16000000E+03 5.58478511E-02
1.16500000E+03 5.42826873E-02
1.17000000E+03 5.27659469E-02
1.17500000E+03 5.12959610E-02
1.18000000E+03 4.98711540E-02
1.18500000E+03 4.84900161E-02
1.19000000E+03 4.71509843E-02
1.19500000E+03 4.58528138E-02
1.20000000E+03 4.45941378E-02
1.20500000E+03 4.33736067E-02
1.21000000E+03 4.21899282E-02
1.21500000E+03 4.10417704E-02
1.22000000E+03 3.99280226E-02
1.22500000E+03 3.88475565E-02
1.23000000E+03 3.77993371E-02
1.23500000E+03 3.67822884E-02
1.24000000E+03 3.57953997E-02
1.24500000E+03 3.48377120E-02
1.25000000E+03 3.39082002E-02
1.25500000E+03 3.30059763E-02
1.26000000E+03 3.21301606E-02
1.26500000E+03 3.12798938E-02
1.27000000E+03 3.04543573E-02
1.27500000E+03 2.96528171E-02
1.28000000E+03 2.88744663E-02
1.28500000E+03 2.81185219E-02
1.29000000E+03 2.73842420E-02
1.29500000E+03 2.66710703E-02
1.30000000E+03 2.59782874E-02
1.30500000E+03 2.53052919E-02
1.31000000E+03 2.46515970E-02
1.31500000E+03 2.40163576E-02
1.32000000E+03 2.33991098E-02
1.32500000E+03 2.27992141E-02
1.33000000E+03 2.22162397E-02
1.33500000E+03 2.16496310E-02
1.34000000E+03 2.10988938E-02
1.34500000E+03 2.05635576E-02
1.35000000E+03 2.00430530E-02
1.35500000E+03 1.95370682E-02
1.36000000E+03 1.90450288E-02
1.36500000E+03 1.85665342E-02
1.37000000E+03 1.81012105E-02
1.37500000E+03 1.76486418E-02
1.38000000E+03 1.72085085E-02
1.38500000E+03 1.67804650E-02
1.39000000E+03 1.63641016E-02
1.39500000E+03 1.59590099E-02
1.40000000E+03 1.55648498E-02
1.40500000E+03 1.51812655E-02
1.41000000E+03 1.48080452E-02
1.41500000E+03 1.44448076E-02
1.42000000E+03 1.40912749E-02
1.42500000E+03 1.37471986E-02
1.43000000E+03 1.34123996E-02
1.43500000E+03 1.30865701E-02
1.44000000E+03 1.27693240E-02
1.44500000E+03 1.24604038E-02
1.45000000E+03 1.21597755E-02
1.45500000E+03 1.18670930E-02
1.46000000E+03 1.15820988E-02
1.46500000E+03 1.13045740E-02
1.47000000E+03 1.10343037E-02
1.47500000E+03 1.07710862E-02
1.48000000E+03 1.05147164E-02
1.48500000E+03 1.02650159E-02
1.49000000E+03 1.00217800E-02
1.49500000E+03 9.78483075E-03
1.50000000E+03 9.55404158E-03
1.50500000E+03 9.32934107E-03
1.51000000E+03 9.11036799E-03
1.51500000E+03 8.89695086E-03
1.52000000E+03 8.68890367E-03
1.52500000E+03 8.48617007E-03
1.53000000E+03 8.28859843E-03
1.53500000E+03 8.09604536E-03
1.54000000E+03 7.90837179E-03
1.54500000E+03 7.72543044E-03
1.55000000E+03 7.54708844E-03
1.55500000E+03 7.37566417E-03
1.56000000E+03 7.20605957E-03
1.56500000E+03 7.04076986E-03
1.57000000E+03 6.87957447E-03
1.57500000E+03 6.72240716E-03
1.58000000E+03 6.56914565E-03
1.58500000E+03 6.41961783E-03
1.59000000E+03 6.27386376E-03
1.59500000E+03 6.13170589E-03
1.60000000E+03 5.99303579E-03
1.60500000E+03 5.85782007E-03
1.61000000E+03 5.72589675E-03
1.61500000E+03 5.59721555E-03
1.62000000E+03 5.47170692E-03
1.62500000E+03 5.34920502E-03
1.63000000E+03 5.22965404E-03
1.63500000E+03 5.11298746E-03
1.64000000E+03 4.99917922E-03
1.64500000E+03 4.88811959E-03
1.65000000E+03 4.77975108E-03
1.65500000E+03 4.67397466E-03
1.66000000E+03 4.57074327E-03
1.66500000E+03 4.46999973E-03
1.67000000E+03 4.37167706E-03
1.67500000E+03 4.27570427E-03
1.68000000E+03 4.18201626E-03
1.68500000E+03 4.09055124E-03
1.69000000E+03 4.00125110E-03
1.69500000E+03 3.91405682E-03
1.70000000E+03 3.82892449E-03
1.70500000E+03 3.74582020E-03
1.71000000E+03 3.66467448E-03
1.71500000E+03 3.58542352E-03
1.72000000E+03 3.50803278E-03
1.72500000E+03 3.43245089E-03
1.73000000E+03 3.35861760E-03
1.73500000E+03 3.28650114E-03
1.74000000E+03 3.21606866E-03
1.74500000E+03 3.14727259E-03
1.75000000E+03 3.08006150E-03
1.75500000E+03 3.01439781E-03
1.76000000E+03 2.95024005E-03
1.76500000E+03 2.88758566E-03
1.77000000E+03 2.82637577E-03
1.77500000E+03 2.76655485E-03
1.78000000E+03 2.70811175E-03
1.78500000E+03 2.65100524E-03
1.79000000E+03 2.59520408E-03
1.79500000E+03 2.54067350E-03
1.80000000E+03 2.48736289E-03
1.80500000E+03 2.43525546E-03
1.81000000E+03 2.38433582E-03
1.81500000E+03 2.33455568E-03
1.82000000E+03 2.28589992E-03
1.82500000E+03 2.23833939E-03
1.83000000E+03 2.19184468E-03
1.83500000E+03 2.14639567E-03
1.84000000E+03 2.10196139E-03
1.84500000E+03 2.05853859E-03
1.85000000E+03 2.01608766E-03
1.85500000E+03 1.97453458E-03
1.86000000E+03 1.93392645E-03
1.86500000E+03 1.89421554E-03
1.87000000E+03 1.85536503E-03
1.87500000E+03 1.81736437E-03
1.88000000E+03 1.78019088E-03
1.88500000E+03 1.74383491E-03
1.89000000E+03 1.70837277E-03
1.89500000E+03 1.67399845E-03
1.90000000E+03 1.64040057E-03
1.90500000E+03 1.60725063E-03
1.91000000E+03 1.57470990E-03
1.91500000E+03 1.54286618E-03
1.92000000E+03 1.51172102E-03
1.92500000E+03 1.48127524E-03
1.93000000E+03 1.45148972E-03
1.93500000E+03 1.42233928E-03
1.94000000E+03 1.39383791E-03
1.94500000E+03 1.36594983E-03
1.95000000E+03 1.33866275E-03
1.95500000E+03 1.31196066E-03
1.96000000E+03 1.28582631E-03
1.96500000E+03 1.26026381E-03
1.97000000E+03 1.23524756E-03
1.97500000E+03 1.21076208E-03
1.98000000E+03 1.18679645E-03
1.98500000E+03 1.16334360E-03
1.99000000E+03 1.14038754E-03
1.99500000E+03 1.11791616E-03
2.00000000E+03 1.09591972E-03
2.00500000E+03 1.07440062E-03
2.01000000E+03 1.05333406E-03
2.01500000E+03 1.03271010E-03
2.02000000E+03 1.01251858E-03
2.02500000E+03 9.92750788E-04
2.03000000E+03 9.73396703E-04
2.03500000E+03 9.54449025E-04
2.04000000E+03 9.35896440E-04
2.04500000E+03 9.17731177E-04
2.05000000E+03 8.99945589E-04
2.05500000E+03 8.82528638E-04
2.06000000E+03 8.65474174E-04
2.06500000E+03 8.48774406E-04
2.07000000E+03 8.32421563E-04
2.07500000E+03 8.16406605E-04
2.08000000E+03 8.00721551E-04
2.08500000E+03 7.85359715E-04
2.09000000E+03 7.70313501E-04
2.09500000E+03 7.55575895E-04
2.10000000E+03 7.41141349E-04
2.10500000E+03 7.27002602E-04
2.11000000E+03 7.13153617E-04
2.11500000E+03 6.99586565E-04
2.12000000E+03 6.86295273E-04
2.12500000E+03 6.73272788E-04
2.13000000E+03 6.60514841E-04
2.13500000E+03 6.48015311E-04
2.14000000E+03 6.35768307E-04
2.14500000E+03 6.23768695E-04
2.15000000E+03 6.12011744E-04
2.15500000E+03 6.00492607E-04
2.16000000E+03 5.89206552E-04
2.16500000E+03 5.78148144E-04
2.17000000E+03 5.67311896E-04
2.17500000E+03 5.56692797E-04
2.18000000E+03 5.46286150E-04
2.18500000E+03 5.36087376E-04
2.19000000E+03 5.26091957E-04
2.19500000E+03 5.16295798E-04
2.20000000E+03 5.06694787E-04
2.20500000E+03 4.97284714E-04
2.21000000E+03 4.88061539E-04
2.21500000E+03 4.79021470E-04
2.22000000E+03 4.70160424E-04
2.22500000E+03 4.61474571E-04
2.23000000E+03 4.52959986E-04
2.23500000E+03 4.44612997E-04
2.24000000E+03 4.36430457E-04
2.24500000E+03 4.28408827E-04
2.25000000E+03 4.20544564E-04
2.25500000E+03 4.12834719E-04
2.26000000E+03 4.05275549E-04
2.26500000E+03 3.97864032E-04
2.27000000E+03 3.90596933E-04
2.27500000E+03 3.83471215E-04
2.28000000E+03 3.76483854E-04
2.28500000E+03 3.69632210E-04
2.29000000E+03 3.62914015E-04
2.29500000E+03 3.56325828E-04
2.30000000E+03 3.49865246E-04
2.30500000E+03 3.43529718E-04
2.31000000E+03 3.37316054E-04
2.31500000E+03 3.31222058E-04
2.32000000E+03 3.25245353E-04
2.32500000E+03 3.19383401E-04
2.33000000E+03 3.13634250E-04
2.33500000E+03 3.07995321E-04
2.34000000E+03 3.02464351E-04
2.34500000E+03 2.97038974E-04
2.35000000E+03 2.91716744E-04
2.35500000E+03 2.86495864E-04
2.36000000E+03 2.81374210E-04
2.36500000E+03 2.76349996E-04
2.37000000E+03 2.71421441E-04
2.37500000E+03 2.66586331E-04
2.38000000E+03 2.61843022E-04
2.38500000E+03 2.57189643E-04
2.39000000E+03 2.52624171E-04
2.39500000E+03 2.48144856E-04
2.40000000E+03 2.43749940E-04
2.40500000E+03 2.39437724E-04
2.41000000E+03 2.35206604E-04
2.41500000E+03 2.31054965E-04
2.42000000E+03 2.26981249E-04
2.42500000E+03 2.22983793E-04
2.43000000E+03 2.19061120E-04
2.43500000E+03 2.15211756E-04
2.44000000E+03 2.11434326E-04
2.44500000E+03 2.07727482E-04
2.45000000E+03 2.04089758E-04
2.45500000E+03 2.00519737E-04
2.46000000E+03 1.97016098E-04
2.46500000E+03 1.93577475E-04
2.47000000E+03 1.90202516E-04
2.47500000E+03 1.86889973E-04
2.48000000E+03 1.83638609E-04
2.48500000E+03 1.80447183E-04
2.49000000E+03 1.77314548E-04
2.49500000E+03 1.74239557E-04
2.50000000E+03 1.71221097E-04
2.50500000E+03 1.68258075E-04
2.51000000E+03 1.65349466E-04
2.51500000E+03 1.62494177E-04
2.52000000E+03 1.59691108E-04
2.52500000E+03 1.56939235E-04
2.53000000E+03 1.54237600E-04
2.53500000E+03 1.51585250E-04
2.54000000E+03 1.48981213E-04
2.54500000E+03 1.46424543E-04
2.55000000E+03 1.43914237E-04
2.55500000E+03 1.41449499E-04
2.56000000E+03 1.39029474E-04
2.56500000E+03 1.36653258E-04
2.57000000E+03 1.34320014E-04
2.57500000E+03 1.32028922E-04
2.58000000E+03 1.29779183E-04
2.58500000E+03 1.27570015E-04
2.59000000E+03 1.25400701E-04
2.59500000E+03 1.23270451E-04
2.60000000E+03 1.21178526E-04
2.60500000E+03 1.19124144E-04
2.61000000E+03 1.17106614E-04
2.61500000E+03 1.15125241E-04
2.62000000E+03 1.13179339E-04
2.62500000E+03 1.11268226E-04
2.63000000E+03 1.09391233E-04
2.63500000E+03 1.07547736E-04
2.64000000E+03 1.05737046E-04
2.64500000E+03 1.03958556E-04
2.65000000E+03 1.02211669E-04
2.65500000E+03 1.00495799E-04
2.66000000E+03 9.88103289E-05
2.66500000E+03 9.71546202E-05
2.67000000E+03 9.55281563E-05
2.67500000E+03 9.39304797E-05
2.68000000E+03 9.23610694E-05
2.68500000E+03 9.08193648E-05
2.69000000E+03 8.93048101E-05
2.69500000E+03 8.78168921E-05
2.70000000E+03 8.63551403E-05
2.70500000E+03 8.49190538E-05
2.71000000E+03 8.35081352E-05
2.71500000E+03 8.21219739E-05
2.72000000E+03 8.07600847E-05
2.72500000E+03 7.94220165E-05
2.73000000E+03 7.81073251E-05
2.73500000E+03 7.68156375E-05
2.74000000E+03 7.55464974E-05
2.74500000E+03 7.42994852E-05
2.75000000E+03 7.30741930E-05
2.75500000E+03 7.18701943E-05
2.76000000E+03 7.06871025E-05
2.76500000E+03 6.95245180E-05
2.77000000E+03 6.83820683E-05
2.77500000E+03 6.72593858E-05
2.78000000E+03 6.61560949E-05
2.78500000E+03 6.50718812E-05
2.79000000E+03 6.40063952E-05
2.79500000E+03 6.29592841E-05
2.80000000E+03 6.19301868E-05
2.80500000E+03 6.09187923E-05
2.81000000E+03 5.99247788E-05
2.81500000E+03 5.89478133E-05
2.82000000E+03 5.79876046E-05
2.82500000E+03 5.70438363E-05
2.83000000E+03 5.61162170E-05
2.83500000E+03 5.52044639E-05
2.84000000E+03 5.43082969E-05
2.84500000E+03 5.34274305E-05
2.85000000E+03 5.25615901E-05
2.85500000E+03 5.17104976E-05
2.86000000E+03 5.08738789E-05
2.86500000E+03 5.00514645E-05
2.87000000E+03 4.92430154E-05
2.87500000E+03 4.84482647E-05
2.88000000E+03 4.76669850E-05
2.88500000E+03 4.68989442E-05
2.89000000E+03 4.61439226E-05
2.89500000E+03 4.54016686E-05
2.90000000E+03 4.46719462E-05
2.90500000E+03 4.39545352E-05
2.91000000E+03 4.32492129E-05
2.91500000E+03 4.25557638E-05
2.92000000E+03 4.18739780E-05
2.92500000E+03 4.12036545E-05
2.93000000E+03 4.05446020E-05
2.93500000E+03 3.98966359E-05
2.94000000E+03 3.92595332E-05
2.94500000E+03 3.86330919E-05
2.95000000E+03 3.80171337E-05
2.95500000E+03 3.74114784E-05
2.96000000E+03 3.68159172E-05
2.96500000E+03 3.62302975E-05
2.97000000E+03 3.56544480E-05
2.97500000E+03 3.50881695E-05
2.98000000E+03 3.45313117E-05
2.98500000E+03 3.39837179E-05
2.99000000E+03 3.34452421E-05
2.99500000E+03 3.29157103E-05
3.00000000E+03 3.23949710E-05
3.00500000E+03 3.18828770E-05
3.01000000E+03 3.13792626E-05
3.01500000E+03 3.08839772E-05
3.02000000E+03 3.03968906E-05
3.02500000E+03 2.99178501E-05
3.03000000E+03 2.94467234E-05
3.03500000E+03 2.89833646E-05
3.04000000E+03 2.85276349E-05
3.04500000E+03 2.80793945E-05
3.05000000E+03 2.76385230E-05
3.05500000E+03 2.72048902E-05
3.06000000E+03 2.67783875E-05
3.06500000E+03 2.63588807E-05
3.07000000E+03 2.59462438E-05
3.07500000E+03 2.55403549E-05
3.08000000E+03 2.51411055E-05
3.08500000E+03 2.47483771E-05
3.09000000E+03 2.43620483E-05
3.09500000E+03 2.39820129E-05
3.10000000E+03 2.36081748E-05
3.10500000E+03 2.32404281E-05
3.11000000E+03 2.28786802E-05
3.11500000E+03 2.25228065E-05
3.12000000E+03 2.21727182E-05
3.12500000E+03 2.18283332E-05
3.13000000E+03 2.14895578E-05
3.13500000E+03 2.11562802E-05
3.14000000E+03 2.08284014E-05
3.14500000E+03 2.05058260E-05
3.15000000E+03 2.01884702E-05
3.15500000E+03 1.98762417E-05
3.16000000E+03 1.95690462E-05
3.16500000E+03 1.92667779E-05
3.17000000E+03 1.89693829E-05
3.17500000E+03 1.86767832E-05
3.18000000E+03 1.83888923E-05
3.18500000E+03 1.81056277E-05
3.19000000E+03 1.78269088E-05
3.19500000E+03 1.75526609E-05
3.20000000E+03 1.72828196E-05
