7.00000000E+01 2.79130042E+02
7.50000000E+01 2.47752327E+02
8.00000000E+01 2.22580578E+02
8.50000000E+01 2.00736895E+02
9.00000000E+01 1.82035680E+02
9.50000000E+01 1.65861828E+02
1.00000000E+02 1.51794612E+02
1.05000000E+02 1.39458475E+02
1.10000000E+02 1.28526968E+02
1.15000000E+02 1.19067983E+02
1.20000000E+02 1.10549652E+02
1.25000000E+02 1.02931747E+02
1.30000000E+02 9.61064997E+01
1.35000000E+02 8.99690899E+01
1.40000000E+02 8.44263883E+01
1.45000000E+02 7.94120500E+01
1.50000000E+02 7.48565902E+01
1.55000000E+02 7.07295780E+01
1.60000000E+02 6.69570257E+01
1.65000000E+02 6.35105015E+01
1.70000000E+02 6.03589933E+01
1.75000000E+02 5.74736072E+01
1.80000000E+02 5.48183093E+01
1.85000000E+02 5.23821349E+01
1.90000000E+02 5.01426369E+01
1.95000000E+02 4.80811599E+01
2.00000000E+02 4.61807107E+01
2.05000000E+02 4.44277528E+01
2.10000000E+02 4.28146644E+01
2.15000000E+02 4.13299284E+01
2.20000000E+02 3.99625338E+01
2.25000000E+02 3.87054903E+01
2.30000000E+02 3.75511746E+01
2.35000000E+02 3.64933934E+01
2.40000000E+02 3.55276382E+01
2.45000000E+02 3.46493737E+01
2.50000000E+02 3.38564263E+01
2.55000000E+02 3.31457794E+01
2.60000000E+02 3.25155495E+01
2.65000000E+02 3.19651806E+01
2.70000000E+02 3.14933958E+01
2.75000000E+02 3.11029220E+01
2.80000000E+02 3.07969043E+01
2.85000000E+02 3.05792822E+01
2.90000000E+02 3.04563395E+01
2.95000000E+02 3.04395494E+01
3.00000000E+02 3.05400098E+01
3.05000000E+02 3.07790155E+01
3.10000000E+02 3.11827391E+01
3.15000000E+02 3.17959999E+01
3.20000000E+02 3.26797482E+01
3.25000000E+02 3.39399770E+01
3.30000000E+02 3.57683248E+01
3.35000000E+02 3.85533563E+01
3.40000000E+02 4.33457931E+01
3.50000000E+02 6.19395145E+01
3.55000000E+02 5.49801635E+01
3.60000000E+02 5.00452169E+01
3.65000000E+02 4.60420062E+01
3.70000000E+02 4.25417780E+01
3.75000000E+02 3.94495264E+01
3.80000000E+02 3.66558246E+01
3.85000000E+02 3.41263482E+01
3.90000000E+02 3.18168231E+01
3.95000000E+02 2.97008658E+01
4.00000000E+02 2.77592474E+01
4.05000000E+02 2.59695816E+01
4.10000000E+02 2.43178060E+01
4.15000000E+02 2.27918203E+01
4.20000000E+02 2.13787697E+01
4.25000000E+02 2.00686875E+01
4.30000000E+02 1.88529453E+01
4.35000000E+02 1.77237739E+01
4.40000000E+02 1.66733399E+01
4.45000000E+02 1.56952006E+01
4.50000000E+02 1.47836292E+01
4.55000000E+02 1.39333801E+01
4.60000000E+02 1.31396352E+01
4.65000000E+02 1.23980940E+01
4.70000000E+02 1.17049074E+01
4.75000000E+02 1.10563343E+01
4.80000000E+02 1.04490874E+01
4.85000000E+02 9.88009224E+00
4.90000000E+02 9.34675604E+00
4.95000000E+02 8.84703954E+00
5.00000000E+02 8.37737613E+00
5.05000000E+02 7.93632651E+00
5.10000000E+02 7.52189458E+00
5.15000000E+02 7.13205131E+00
5.20000000E+02 6.76555200E+00
5.25000000E+02 6.42054865E+00
5.30000000E+02 6.09578065E+00
5.35000000E+02 5.78967415E+00
5.40000000E+02 5.50116111E+00
5.45000000E+02 5.22900323E+00
5.50000000E+02 4.97216654E+00
5.55000000E+02 4.72971269E+00
5.60000000E+02 4.50051003E+00
5.65000000E+02 4.28418731E+00
5.70000000E+02 4.07963045E+00
5.75000000E+02 3.88623329E+00
5.80000000E+02 3.70322534E+00
5.85000000E+02 3.53005175E+00
5.90000000E+02 3.36602622E+00
5.95000000E+02 3.21066912E+00
6.00000000E+02 3.06345067E+00
6.05000000E+02 2.92388328E+00
6.10000000E+02 2.79155515E+00
6.15000000E+02 2.66600380E+00
6.20000000E+02 2.54685816E+00
6.25000000E+02 2.43375887E+00
6.30000000E+02 2.32635193E+00
6.35000000E+02 2.22430029E+00
6.40000000E+02 2.12731951E+00
6.45000000E+02 2.03512510E+00
6.50000000E+02 1.94745618E+00
6.55000000E+02 1.86406430E+00
6.60000000E+02 1.78469192E+00
6.65000000E+02 1.70914455E+00
6.70000000E+02 1.63721407E+00
6.75000000E+02 1.56871192E+00
6.80000000E+02 1.50345084E+00
6.85000000E+02 1.44125296E+00
6.90000000E+02 1.38195731E+00
6.95000000E+02 1.32541802E+00
7.00000000E+02 1.27148740E+00
7.05000000E+02 1.22001293E+00
7.10000000E+02 1.17088815E+00
7.15000000E+02 1.12399674E+00
7.20000000E+02 1.07921902E+00
7.25000000E+02 1.03645038E+00
7.30000000E+02 9.95592838E-01
7.35000000E+02 9.56547072E-01
7.40000000E+02 9.19223006E-01
7.45000000E+02 8.83539611E-01
7.50000000E+02 8.49411969E-01
7.55000000E+02 8.16764070E-01
7.60000000E+02 7.85527347E-01
7.65000000E+02 7.55635439E-01
7.70000000E+02 7.27028012E-01
7.75000000E+02 6.99632800E-01
7.80000000E+02 6.73406267E-01
7.85000000E+02 6.48282210E-01
7.90000000E+02 6.24195537E-01
7.95000000E+02 6.01125908E-01
8.00000000E+02 5.79007782E-01
8.05000000E+02 5.57802500E-01
8.10000000E+02 5.37472539E-01
8.15000000E+02 5.17971575E-01
8.20000000E+02 4.99264152E-01
8.25000000E+02 4.81314706E-01
8.30000000E+02 4.64081678E-01
8.35000000E+02 4.47540153E-01
8.40000000E+02 4.31664068E-01
8.45000000E+02 4.16419166E-01
8.50000000E+02 4.01775067E-01
8.55000000E+02 3.87707606E-01
8.60000000E+02 3.74191703E-01
8.65000000E+02 3.61200961E-01
8.70000000E+02 3.48713787E-01
8.75000000E+02 3.36712895E-01
8.80000000E+02 3.25172197E-01
8.85000000E+02 3.14071914E-01
8.90000000E+02 3.03394607E-01
8.95000000E+02 2.93124154E-01
9.00000000E+02 2.83240531E-01
9.05000000E+02 2.73727984E-01
9.10000000E+02 2.64571684E-01
9.15000000E+02 2.55758499E-01
9.20000000E+02 2.47272947E-01
9.25000000E+02 2.39100716E-01
9.30000000E+02 2.31229023E-01
9.35000000E+02 2.23647117E-01
9.40000000E+02 2.16341562E-01
9.45000000E+02 2.09301547E-01
9.50000000E+02 2.02516522E-01
9.55000000E+02 1.95976833E-01
9.60000000E+02 1.89672771E-01
9.65000000E+02 1.83594334E-01
9.70000000E+02 1.77732437E-01
9.75000000E+02 1.72078492E-01
9.80000000E+02 1.66624640E-01
9.85000000E+02 1.61363190E-01
9.90000000E+02 1.56285904E-01
9.95000000E+02 1.51386716E-01
1.00000000E+03 1.46659791E-01
1.00500000E+03 1.42096031E-01
1.01000000E+03 1.37689767E-01
1.01500000E+03 1.33435384E-01
1.02000000E+03 1.29326815E-01
1.02500000E+03 1.25358566E-01
1.03000000E+03 1.21525385E-01
1.03500000E+03 1.17822201E-01
1.04000000E+03 1.14244249E-01
1.04500000E+03 1.10786987E-01
1.05000000E+03 1.07445790E-01
1.05500000E+03 1.04216258E-01
1.06000000E+03 1.01094319E-01
1.06500000E+03 9.80758957E-02
1.07000000E+03 9.51572575E-02
1.07500000E+03 9.23352130E-02
1.08000000E+03 8.96062160E-02
1.08500000E+03 8.69665875E-02
1.09000000E+03 8.44131021E-02
1.09500000E+03 8.19423438E-02
1.10000000E+03 7.95542401E-02
1.10500000E+03 7.72403087E-02
1.11000000E+03 7.49999393E-02
1.11500000E+03 7.28323507E-02
1.12000000E+03 7.07339517E-02
1.12500000E+03 6.87024423E-02
1.13000000E+03 6.67354925E-02
1.13500000E+03 6.48309311E-02
1.14000000E+03 6.29865679E-02
1.14500000E+03 6.11999621E-02
1.15000000E+03 5.94692232E-02
1.15500000E+03 5.77926624E-02
1.16000000E+03 5.61682727E-02
1.16500000E+03 5.45941505E-02
1.17000000E+03 5.30687248E-02
1.17500000E+03 5.15903262E-02
1.18000000E+03 5.01573757E-02
1.18500000E+03 4.87683429E-02
1.19000000E+03 4.74216545E-02
1.19500000E+03 4.61160656E-02
1.20000000E+03 4.48501957E-02
1.20500000E+03 4.36226949E-02
1.21000000E+03 4.24322516E-02
1.21500000E+03 4.12775183E-02
1.22000000E+03 4.01573902E-02
1.22500000E+03 3.90707283E-02
1.23000000E+03 3.80164999E-02
1.23500000E+03 3.69936193E-02
1.24000000E+03 3.60010756E-02
1.24500000E+03 3.50378990E-02
1.25000000E+03 3.41030552E-02
1.25500000E+03 3.31956545E-02
1.26000000E+03 3.23148112E-02
1.26500000E+03 3.14596615E-02
1.27000000E+03 3.06293883E-02
1.27500000E+03 2.98232513E-02
1.28000000E+03 2.90404398E-02
1.28500000E+03 2.82801559E-02
1.29000000E+03 2.75416594E-02
1.29500000E+03 2.68243893E-02
1.30000000E+03 2.61276242E-02
1.30500000E+03 2.54507607E-02
1.31000000E+03 2.47933063E-02
1.31500000E+03 2.41544135E-02
1.32000000E+03 2.35336145E-02
1.32500000E+03 2.29302668E-02
1.33000000E+03 2.23439376E-02
1.33500000E+03 2.17740649E-02
1.34000000E+03 2.12201544E-02
1.34500000E+03 2.06817337E-02
1.35000000E+03 2.01582404E-02
1.35500000E+03 1.96493499E-02
1.36000000E+03 1.91544849E-02
1.36500000E+03 1.86732417E-02
1.37000000E+03 1.82052439E-02
1.37500000E+03 1.77500740E-02
1.38000000E+03 1.73074134E-02
1.38500000E+03 1.68769114E-02
1.39000000E+03 1.64581484E-02
1.39500000E+03 1.60507190E-02
1.40000000E+03 1.56542856E-02
1.40500000E+03 1.52684889E-02
1.41000000E+03 1.48931146E-02
1.41500000E+03 1.45277813E-02
1.42000000E+03 1.41722105E-02
1.42500000E+03 1.38261507E-02
1.43000000E+03 1.34894211E-02
1.43500000E+03 1.31617128E-02
1.44000000E+03 1.28426368E-02
1.44500000E+03 1.25319343E-02
1.45000000E+03 1.22295716E-02
1.45500000E+03 1.19351994E-02
1.46000000E+03 1.16485604E-02
1.46500000E+03 1.13694339E-02
1.47000000E+03 1.10976036E-02
1.47500000E+03 1.08328663E-02
1.48000000E+03 1.05750155E-02
1.48500000E+03 1.03238734E-02
1.49000000E+03 1.00792344E-02
1.49500000E+03 9.84091934E-03
1.50000000E+03 9.60880202E-03
1.50500000E+03 9.38280908E-03
1.51000000E+03 9.16257747E-03
1.51500000E+03 8.94793471E-03
1.52000000E+03 8.73869318E-03
1.52500000E+03 8.53479542E-03
1.53000000E+03 8.33608874E-03
1.53500000E+03 8.14242871E-03
1.54000000E+03 7.95367540E-03
1.54500000E+03 7.76967954E-03
1.55000000E+03 7.59030971E-03
1.55500000E+03 7.41790990E-03
1.56000000E+03 7.24732766E-03
1.56500000E+03 7.08108463E-03
1.57000000E+03 6.91895939E-03
1.57500000E+03 6.76088674E-03
1.58000000E+03 6.60674284E-03
1.58500000E+03 6.45635285E-03
1.59000000E+03 6.30975884E-03
1.59500000E+03 6.16678229E-03
1.60000000E+03 6.02731408E-03
1.60500000E+03 5.89131959E-03
1.61000000E+03 5.75863642E-03
1.61500000E+03 5.62921408E-03
1.62000000E+03 5.50298258E-03
1.62500000E+03 5.37977543E-03
1.63000000E+03 5.25953655E-03
1.63500000E+03 5.14219880E-03
1.64000000E+03 5.02773600E-03
1.64500000E+03 4.91603861E-03
1.65000000E+03 4.80704775E-03
1.65500000E+03 4.70066399E-03
1.66000000E+03 4.59683988E-03
1.66500000E+03 4.49551779E-03
1.67000000E+03 4.39663030E-03
1.67500000E+03 4.30010627E-03
1.68000000E+03 4.20588027E-03
1.68500000E+03 4.11389002E-03
1.69000000E+03 4.02407707E-03
1.69500000E+03 3.93638220E-03
1.70000000E+03 3.85076088E-03
1.70500000E+03 3.76717898E-03
1.71000000E+03 3.68556651E-03
1.71500000E+03 3.60585924E-03
1.72000000E+03 3.52802310E-03
1.72500000E+03 3.45200635E-03
1.73000000E+03 3.37774851E-03
1.73500000E+03 3.30521747E-03
1.74000000E+03 3.23438021E-03
1.74500000E+03 3.16518902E-03
1.75000000E+03 3.09759262E-03
1.75500000E+03 3.03155254E-03
1.76000000E+03 2.96702721E-03
1.76500000E+03 2.90401337E-03
1.77000000E+03 2.84245238E-03
1.77500000E+03 2.78228878E-03
1.78000000E+03 2.72351088E-03
1.78500000E+03 2.66607722E-03
1.79000000E+03 2.60995623E-03
1.79500000E+03 2.55511321E-03
1.80000000E+03 2.50149726E-03
1.80500000E+03 2.44909142E-03
1.81000000E+03 2.39788022E-03
1.81500000E+03 2.34781506E-03
1.82000000E+03 2.29888077E-03
1.82500000E+03 2.25104803E-03
1.83000000E+03 2.20428714E-03
1.83500000E+03 2.15857789E-03
1.84000000E+03 2.11388914E-03
1.84500000E+03 2.07021762E-03
1.85000000E+03 2.02752368E-03
1.85500000E+03 1.98573305E-03
1.86000000E+03 1.94489285E-03
1.86500000E+03 1.90495507E-03
1.87000000E+03 1.86588281E-03
1.87500000E+03 1.82766517E-03
1.88000000E+03 1.79027936E-03
1.88500000E+03 1.75371577E-03
1.89000000E+03 1.71805044E-03
1.89500000E+03 1.68347743E-03
1.90000000E+03 1.64968528E-03
1.90500000E+03 1.61634533E-03
1.91000000E+03 1.58361880E-03
1.91500000E+03 1.55159351E-03
1.92000000E+03 1.52027080E-03
1.92500000E+03 1.48965133E-03
1.93000000E+03 1.45969560E-03
1.93500000E+03 1.43037869E-03
1.94000000E+03 1.40171466E-03
1.94500000E+03 1.37366755E-03
1.95000000E+03 1.34622491E-03
1.95500000E+03 1.31937061E-03
1.96000000E+03 1.29308735E-03
1.96500000E+03 1.26737916E-03
1.97000000E+03 1.24222039E-03
1.97500000E+03 1.21759542E-03
1.98000000E+03 1.19349331E-03
1.98500000E+03 1.16990690E-03
1.99000000E+03 1.14682015E-03
1.99500000E+03 1.12422086E-03
2.00000000E+03 1.10209925E-03
2.00500000E+03 1.08045765E-03
2.01000000E+03 1.05927121E-03
2.01500000E+03 1.03852992E-03
2.02000000E+03 1.01822354E-03
2.02500000E+03 9.98343311E-04
2.03000000E+03 9.78879133E-04
2.03500000E+03 9.59823679E-04
2.04000000E+03 9.41165576E-04
2.04500000E+03 9.22896975E-04
2.05000000E+03 9.05010232E-04
2.05500000E+03 8.87494253E-04
2.06000000E+03 8.70342739E-04
2.06500000E+03 8.53547936E-04
2.07000000E+03 8.37102133E-04
2.07500000E+03 8.20996199E-04
2.08000000E+03 8.05222025E-04
2.08500000E+03 7.89772909E-04
2.09000000E+03 7.74641207E-04
2.09500000E+03 7.59819765E-04
2.10000000E+03 7.45303102E-04
2.10500000E+03 7.31083992E-04
2.11000000E+03 7.17156320E-04
2.11500000E+03 7.03512201E-04
2.12000000E+03 6.90145435E-04
2.12500000E+03 6.77049024E-04
2.13000000E+03 6.64218597E-04
2.13500000E+03 6.51648096E-04
2.14000000E+03 6.39331601E-04
2.14500000E+03 6.27263914E-04
2.15000000E+03 6.15440276E-04
2.15500000E+03 6.03855812E-04
2.16000000E+03 5.92505755E-04
2.16500000E+03 5.81384660E-04
2.17000000E+03 5.70487009E-04
2.17500000E+03 5.59807750E-04
2.18000000E+03 5.49342127E-04
2.18500000E+03 5.39085577E-04
2.19000000E+03 5.29033558E-04
2.19500000E+03 5.19181960E-04
2.20000000E+03 5.09526643E-04
2.20500000E+03 5.00063363E-04
2.21000000E+03 4.90788048E-04
2.21500000E+03 4.81696876E-04
2.22000000E+03 4.72785737E-04
2.22500000E+03 4.64050794E-04
2.23000000E+03 4.55488094E-04
2.23500000E+03 4.47093973E-04
2.24000000E+03 4.38865246E-04
2.24500000E+03 4.30798340E-04
2.25000000E+03 4.22889701E-04
2.25500000E+03 4.15136370E-04
2.26000000E+03 4.07534603E-04
2.26500000E+03 4.00081336E-04
2.27000000E+03 3.92773303E-04
2.27500000E+03 3.85607461E-04
2.28000000E+03 3.78580768E-04
2.28500000E+03 3.71690566E-04
2.29000000E+03 3.64934565E-04
2.29500000E+03 3.58309311E-04
2.30000000E+03 3.51812378E-04
2.30500000E+03 3.45441215E-04
2.31000000E+03 3.39192614E-04
2.31500000E+03 3.33064366E-04
2.32000000E+03 3.27054075E-04
2.32500000E+03 3.21159183E-04
2.33000000E+03 3.15377721E-04
2.33500000E+03 3.09707103E-04
2.34000000E+03 3.04145060E-04
2.34500000E+03 2.98689205E-04
2.35000000E+03 2.93337080E-04
2.35500000E+03 2.88086879E-04
2.36000000E+03 2.82936470E-04
2.36500000E+03 2.77884047E-04
2.37000000E+03 2.72927834E-04
2.37500000E+03 2.68065597E-04
2.38000000E+03 2.63295680E-04
2.38500000E+03 2.58616201E-04
2.39000000E+03 2.54025117E-04
2.39500000E+03 2.49520669E-04
2.40000000E+03 2.45101105E-04
2.40500000E+03 2.40764711E-04
2.41000000E+03 2.36509866E-04
2.41500000E+03 2.32334955E-04
2.42000000E+03 2.28238403E-04
2.42500000E+03 2.24218551E-04
2.43000000E+03 2.20273909E-04
2.43500000E+03 2.16402987E-04
2.44000000E+03 2.12604416E-04
2.44500000E+03 2.08876858E-04
2.45000000E+03 2.05218796E-04
2.45500000E+03 2.01628818E-04
2.46000000E+03 1.98105598E-04
2.46500000E+03 1.94647760E-04
2.47000000E+03 1.91253940E-04
2.47500000E+03 1.87922896E-04
2.48000000E+03 1.84653376E-04
2.48500000E+03 1.81444129E-04
2.49000000E+03 1.78294003E-04
2.49500000E+03 1.75201846E-04
2.50000000E+03 1.72166539E-04
2.50500000E+03 1.69186984E-04
2.51000000E+03 1.66262148E-04
2.51500000E+03 1.63390933E-04
2.52000000E+03 1.60572238E-04
2.52500000E+03 1.57805026E-04
2.53000000E+03 1.55088332E-04
2.53500000E+03 1.52421200E-04
2.54000000E+03 1.49802652E-04
2.54500000E+03 1.47231740E-04
2.55000000E+03 1.44707457E-04
2.55500000E+03 1.42228997E-04
2.56000000E+03 1.39795505E-04
2.56500000E+03 1.37406067E-04
2.57000000E+03 1.35059844E-04
2.57500000E+03 1.32756005E-04
2.58000000E+03 1.30493740E-04
2.58500000E+03 1.28272275E-04
2.59000000E+03 1.26090886E-04
2.59500000E+03 1.23948781E-04
2.60000000E+03 1.21845217E-04
2.60500000E+03 1.19779405E-04
2.61000000E+03 1.17750645E-04
2.61500000E+03 1.15758247E-04
2.62000000E+03 1.13801519E-04
2.62500000E+03 1.11879773E-04
2.63000000E+03 1.09992339E-04
2.63500000E+03 1.08138589E-04
2.64000000E+03 1.06317833E-04
2.64500000E+03 1.04529470E-04
2.65000000E+03 1.02772888E-04
2.65500000E+03 1.01047495E-04
2.66000000E+03 9.93526712E-05
2.66500000E+03 9.76877766E-05
2.67000000E+03 9.60522884E-05
2.67500000E+03 9.44457490E-05
2.68000000E+03 9.28676376E-05
2.68500000E+03 9.13173862E-05
2.69000000E+03 8.97944291E-05
2.69500000E+03 8.82982535E-05
2.70000000E+03 8.68283896E-05
2.70500000E+03 8.53843352E-05
2.71000000E+03 8.39655912E-05
2.71500000E+03 8.25717432E-05
2.72000000E+03 8.12023027E-05
2.72500000E+03 7.98568147E-05
2.73000000E+03 7.85348350E-05
2.73500000E+03 7.72359881E-05
2.74000000E+03 7.59598139E-05
2.74500000E+03 7.47058914E-05
2.75000000E+03 7.34738108E-05
2.75500000E+03 7.22631429E-05
2.76000000E+03 7.10734992E-05
2.76500000E+03 6.99044783E-05
2.77000000E+03 6.87557067E-05
2.77500000E+03 6.76268123E-05
2.78000000E+03 6.65174178E-05
2.78500000E+03 6.54272071E-05
2.79000000E+03 6.43558287E-05
2.79500000E+03 6.33029276E-05
2.80000000E+03 6.22681409E-05
2.80500000E+03 6.12511559E-05
2.81000000E+03 6.02516498E-05
2.81500000E+03 5.92692867E-05
2.82000000E+03 5.83037731E-05
2.82500000E+03 5.73547908E-05
2.83000000E+03 5.64220504E-05
2.83500000E+03 5.55052658E-05
2.84000000E+03 5.46041543E-05
2.84500000E+03 5.37184267E-05
2.85000000E+03 5.28478090E-05
2.85500000E+03 5.19920220E-05
2.86000000E+03 5.11507897E-05
2.86500000E+03 5.03238406E-05
2.87000000E+03 4.95109352E-05
2.87500000E+03 4.87118042E-05
2.88000000E+03 4.79262185E-05
2.88500000E+03 4.71539454E-05
2.89000000E+03 4.63947640E-05
2.89500000E+03 4.56484216E-05
2.90000000E+03 4.49146813E-05
2.90500000E+03 4.41933213E-05
2.91000000E+03 4.34841173E-05
2.91500000E+03 4.27868526E-05
2.92000000E+03 4.21013168E-05
2.92500000E+03 4.14273077E-05
2.93000000E+03 4.07646321E-05
2.93500000E+03 4.01131045E-05
2.94000000E+03 3.94725004E-05
2.94500000E+03 3.88426172E-05
2.95000000E+03 3.82232761E-05
2.95500000E+03 3.76142951E-05
2.96000000E+03 3.70154643E-05
2.96500000E+03 3.64266302E-05
2.97000000E+03 3.58476206E-05
2.97500000E+03 3.52782350E-05
2.98000000E+03 3.47183225E-05
2.98500000E+03 3.41677255E-05
2.99000000E+03 3.36262970E-05
2.99500000E+03 3.30938618E-05
3.00000000E+03 3.25702678E-05
3.00500000E+03 3.20553672E-05
3.01000000E+03 3.15489915E-05
3.01500000E+03 3.10509911E-05
3.02000000E+03 3.05612350E-05
3.02500000E+03 3.00795695E-05
3.03000000E+03 2.96058620E-05
3.03500000E+03 2.91399650E-05
3.04000000E+03 2.86817395E-05
3.04500000E+03 2.82310449E-05
3.05000000E+03 2.77877601E-05
3.05500000E+03 2.73517544E-05
3.06000000E+03 2.69229184E-05
3.06500000E+03 2.65011164E-05
3.07000000E+03 2.60862218E-05
3.07500000E+03 2.56781128E-05
3.08000000E+03 2.52766801E-05
3.08500000E+03 2.48818046E-05
3.09000000E+03 2.44933644E-05
3.09500000E+03 2.41112536E-05
3.10000000E+03 2.37353738E-05
3.10500000E+03 2.33656166E-05
3.11000000E+03 2.30018913E-05
3.11500000E+03 2.26440726E-05
3.12000000E+03 2.22920713E-05
3.12500000E+03 2.19458049E-05
3.13000000E+03 2.16051789E-05
3.13500000E+03 2.12700812E-05
3.14000000E+03 2.09404123E-05
3.14500000E+03 2.06160762E-05
3.15000000E+03 2.02969884E-05
3.15500000E+03 1.99830565E-05
3.16000000E+03 1.96741854E-05
3.16500000E+03 1.93702690E-05
3.17000000E+03 1.90712527E-05
3.17500000E+03 1.87770582E-05
3.18000000E+03 1.84875986E-05
3.18500000E+03 1.82027908E-05
3.19000000E+03 1.79225542E-05
3.19500000E+03 1.76468133E-05
3.20000000E+03 1.73755033E-05
