7.00000000E+01 1.24899129E+02
7.50000000E+01 1.10079158E+02
8.00000000E+01 9.78986906E+01
8.50000000E+01 8.77059159E+01
9.00000000E+01 7.90716991E+01
9.50000000E+01 7.14858273E+01
1.00000000E+02 6.53317364E+01
1.05000000E+02 5.98103092E+01
1.10000000E+02 5.49548714E+01
1.15000000E+02 5.06839776E+01
1.20000000E+02 4.68970367E+01
1.25000000E+02 4.35192972E+01
1.30000000E+02 4.04996755E+01
1.35000000E+02 3.77884481E+01
1.40000000E+02 3.53404959E+01
1.45000000E+02 3.31258207E+01
1.50000000E+02 3.11097568E+01
1.55000000E+02 2.92364378E+01
1.60000000E+02 2.76220026E+01
1.65000000E+02 2.61026815E+01
1.70000000E+02 2.47077647E+01
1.75000000E+02 2.34279775E+01
1.80000000E+02 2.22498996E+01
1.85000000E+02 2.11643084E+01
1.90000000E+02 2.01610345E+01
1.95000000E+02 1.92328810E+01
2.00000000E+02 1.83735051E+01
2.05000000E+02 1.75767614E+01
2.10000000E+02 1.68380519E+01
2.15000000E+02 1.61516084E+01
2.20000000E+02 1.55141488E+01
2.25000000E+02 1.49212593E+01
2.30000000E+02 1.43688392E+01
2.35000000E+02 1.38546137E+01
2.40000000E+02 1.33766143E+01
2.45000000E+02 1.29317009E+01
2.50000000E+02 1.25172191E+01
2.55000000E+02 1.21314178E+01
2.60000000E+02 1.17730166E+01
2.65000000E+02 1.14406932E+01
2.70000000E+02 1.11327207E+01
2.75000000E+02 1.08481930E+01
2.80000000E+02 1.05862883E+01
2.85000000E+02 1.03462094E+01
2.90000000E+02 1.01276600E+01
2.95000000E+02 9.93063645E+00
3.00000000E+02 9.75473203E+00
3.05000000E+02 9.60065716E+00
3.10000000E+02 9.46914145E+00
3.15000000E+02 9.36149811E+00
3.20000000E+02 9.28005696E+00
3.25000000E+02 9.22804282E+00
3.30000000E+02 9.21123731E+00
3.35000000E+02 9.23952393E+00
3.40000000E+02 9.33220388E+00
3.45000000E+02 9.54002891E+00
3.50000000E+02 1.00274827E+01
3.55000000E+02 1.02858282E+01
3.60000000E+02 1.04263925E+01
3.65000000E+02 1.04713984E+01
3.70000000E+02 1.04400372E+01
3.75000000E+02 1.03474474E+01
3.80000000E+02 1.02061750E+01
3.85000000E+02 1.00261284E+01
3.90000000E+02 9.81593552E+00
3.95000000E+02 9.58262161E+00
4.00000000E+02 9.33192550E+00
4.05000000E+02 9.06873155E+00
4.10000000E+02 8.79699089E+00
4.15000000E+02 8.52002764E+00
4.20000000E+02 8.24057227E+00
4.25000000E+02 7.96088101E+00
4.30000000E+02 7.68280088E+00
4.35000000E+02 7.40779965E+00
4.40000000E+02 7.13706586E+00
4.45000000E+02 6.87153390E+00
4.50000000E+02 6.61198860E+00
4.55000000E+02 6.35897728E+00
4.60000000E+02 6.11290854E+00
4.65000000E+02 5.87405962E+00
4.70000000E+02 5.64266890E+00
4.75000000E+02 5.41882137E+00
4.80000000E+02 5.20257100E+00
4.85000000E+02 4.99392832E+00
4.90000000E+02 4.79286939E+00
4.95000000E+02 4.59924820E+00
5.00000000E+02 4.41296126E+00
5.05000000E+02 4.23388765E+00
5.10000000E+02 4.06185751E+00
5.15000000E+02 3.89664518E+00
5.20000000E+02 3.73805557E+00
5.25000000E+02 3.58588920E+00
5.30000000E+02 3.43992554E+00
5.35000000E+02 3.30000024E+00
5.40000000E+02 3.16588410E+00
5.45000000E+02 3.03734209E+00
5.50000000E+02 2.91417694E+00
5.55000000E+02 2.79616847E+00
5.60000000E+02 2.68302748E+00
5.65000000E+02 2.57479667E+00
5.70000000E+02 2.47111150E+00
5.75000000E+02 2.37181425E+00
5.80000000E+02 2.27673066E+00
5.85000000E+02 2.18569190E+00
5.90000000E+02 2.09850325E+00
5.95000000E+02 2.01502163E+00
6.00000000E+02 1.93509223E+00
6.05000000E+02 1.85854539E+00
6.10000000E+02 1.78525130E+00
6.15000000E+02 1.71504212E+00
6.20000000E+02 1.64780921E+00
6.25000000E+02 1.58342602E+00
6.30000000E+02 1.52175821E+00
6.35000000E+02 1.46267916E+00
6.40000000E+02 1.40608675E+00
6.45000000E+02 1.35187054E+00
6.50000000E+02 1.29992666E+00
6.55000000E+02 1.25015659E+00
6.60000000E+02 1.20244375E+00
6.65000000E+02 1.15671291E+00
6.70000000E+02 1.11287935E+00
6.75000000E+02 1.07087262E+00
6.80000000E+02 1.03059806E+00
6.85000000E+02 9.91970547E-01
6.90000000E+02 9.54923705E-01
6.95000000E+02 9.19395121E-01
7.00000000E+02 8.85314766E-01
7.05000000E+02 8.52606917E-01
7.10000000E+02 8.21222133E-01
7.15000000E+02 7.91106083E-01
7.20000000E+02 7.62198454E-01
7.25000000E+02 7.34450570E-01
7.30000000E+02 7.07811890E-01
7.35000000E+02 6.82235802E-01
7.40000000E+02 6.57670890E-01
7.45000000E+02 6.34078619E-01
7.50000000E+02 6.11420115E-01
7.55000000E+02 5.89648530E-01
7.60000000E+02 5.68729002E-01
7.65000000E+02 5.48625076E-01
7.70000000E+02 5.29305911E-01
7.75000000E+02 5.10738075E-01
7.80000000E+02 4.92886435E-01
7.85000000E+02 4.75725208E-01
7.90000000E+02 4.59215937E-01
7.95000000E+02 4.43338490E-01
8.00000000E+02 4.28068921E-01
8.05000000E+02 4.13380118E-01
8.10000000E+02 3.99244936E-01
8.15000000E+02 3.85646213E-01
8.20000000E+02 3.72557514E-01
8.25000000E+02 3.59955098E-01
8.30000000E+02 3.47821375E-01
8.35000000E+02 3.36140746E-01
8.40000000E+02 3.24894000E-01
8.45000000E+02 3.14062565E-01
8.50000000E+02 3.03629494E-01
8.55000000E+02 2.93578331E-01
8.60000000E+02 2.83894010E-01
8.65000000E+02 2.74562138E-01
8.70000000E+02 2.65569397E-01
8.75000000E+02 2.56902044E-01
8.80000000E+02 2.48545792E-01
8.85000000E+02 2.40489017E-01
8.90000000E+02 2.32720737E-01
8.95000000E+02 2.25228990E-01
9.00000000E+02 2.18003224E-01
9.05000000E+02 2.11032791E-01
9.10000000E+02 2.04308120E-01
9.15000000E+02 1.97820595E-01
9.20000000E+02 1.91561035E-01
9.25000000E+02 1.85519805E-01
9.30000000E+02 1.79688213E-01
9.35000000E+02 1.74058347E-01
9.40000000E+02 1.68622658E-01
9.45000000E+02 1.63374059E-01
9.50000000E+02 1.58305675E-01
9.55000000E+02 1.53410771E-01
9.60000000E+02 1.48682792E-01
9.65000000E+02 1.44115573E-01
9.70000000E+02 1.39702982E-01
9.75000000E+02 1.35439329E-01
9.80000000E+02 1.31319161E-01
9.85000000E+02 1.27337117E-01
9.90000000E+02 1.23487828E-01
9.95000000E+02 1.19766980E-01
1.00000000E+03 1.16170789E-01
1.00500000E+03 1.12693237E-01
1.01000000E+03 1.09330178E-01
1.01500000E+03 1.06077575E-01
1.02000000E+03 1.02931417E-01
1.02500000E+03 9.98880360E-02
1.03000000E+03 9.69437930E-02
1.03500000E+03 9.40951114E-02
1.04000000E+03 9.13386608E-02
1.04500000E+03 8.86710088E-02
1.05000000E+03 8.60891457E-02
1.05500000E+03 8.35899968E-02
1.06000000E+03 8.11706623E-02
1.06500000E+03 7.88284313E-02
1.07000000E+03 7.65604373E-02
1.07500000E+03 7.43642780E-02
1.08000000E+03 7.22373924E-02
1.08500000E+03 7.01773494E-02
1.09000000E+03 6.81821683E-02
1.09500000E+03 6.62495771E-02
1.10000000E+03 6.43771885E-02
1.10500000E+03 6.25629235E-02
1.11000000E+03 6.08041611E-02
1.11500000E+03 5.91004516E-02
1.12000000E+03 5.74491828E-02
1.12500000E+03 5.58486753E-02
1.13000000E+03 5.42971259E-02
1.13500000E+03 5.27929972E-02
1.14000000E+03 5.13346827E-02
1.14500000E+03 4.99205032E-02
1.15000000E+03 4.85490352E-02
1.15500000E+03 4.72190776E-02
1.16000000E+03 4.59290472E-02
1.16500000E+03 4.46776617E-02
1.17000000E+03 4.34637163E-02
1.17500000E+03 4.22859986E-02
1.18000000E+03 4.11433047E-02
1.18500000E+03 4.00344657E-02
1.19000000E+03 3.89584218E-02
1.19500000E+03 3.79141774E-02
1.20000000E+03 3.69007010E-02
1.20500000E+03 3.59170232E-02
1.21000000E+03 3.49620938E-02
1.21500000E+03 3.40349801E-02
1.22000000E+03 3.31348022E-02
1.22500000E+03 3.22607388E-02
1.23000000E+03 3.14119890E-02
1.23500000E+03 3.05877162E-02
1.24000000E+03 2.97871660E-02
1.24500000E+03 2.90095852E-02
1.25000000E+03 2.82542276E-02
1.25500000E+03 2.75204192E-02
1.26000000E+03 2.68074855E-02
1.26500000E+03 2.61147751E-02
1.27000000E+03 2.54416604E-02
1.27500000E+03 2.47875890E-02
1.28000000E+03 2.41520023E-02
1.28500000E+03 2.35342177E-02
1.29000000E+03 2.29336329E-02
1.29500000E+03 2.23497492E-02
1.30000000E+03 2.17821827E-02
1.30500000E+03 2.12303599E-02
1.31000000E+03 2.06940012E-02
1.31500000E+03 2.01724032E-02
1.32000000E+03 1.96651546E-02
1.32500000E+03 1.91717900E-02
1.33000000E+03 1.86919572E-02
1.33500000E+03 1.82252697E-02
1.34000000E+03 1.77713714E-02
1.34500000E+03 1.73298462E-02
1.35000000E+03 1.69003415E-02
1.35500000E+03 1.64824573E-02
1.36000000E+03 1.60758150E-02
1.36500000E+03 1.56800947E-02
1.37000000E+03 1.52950187E-02
1.37500000E+03 1.49202325E-02
1.38000000E+03 1.45554967E-02
1.38500000E+03 1.42005612E-02
1.39000000E+03 1.38550933E-02
1.39500000E+03 1.35187803E-02
1.40000000E+03 1.31913421E-02
1.40500000E+03 1.28724953E-02
1.41000000E+03 1.25620513E-02
1.41500000E+03 1.22597310E-02
1.42000000E+03 1.19653191E-02
1.42500000E+03 1.16786129E-02
1.43000000E+03 1.13994303E-02
1.43500000E+03 1.11275201E-02
1.44000000E+03 1.08627134E-02
1.44500000E+03 1.06047666E-02
1.45000000E+03 1.03535309E-02
1.45500000E+03 1.01087829E-02
1.46000000E+03 9.87034066E-03
1.46500000E+03 9.63802274E-03
1.47000000E+03 9.41165757E-03
1.47500000E+03 9.19107939E-03
1.48000000E+03 8.97611377E-03
1.48500000E+03 8.76662786E-03
1.49000000E+03 8.56246018E-03
1.49500000E+03 8.36346261E-03
1.50000000E+03 8.16951202E-03
1.50500000E+03 7.98061003E-03
1.51000000E+03 7.79642387E-03
1.51500000E+03 7.61682659E-03
1.52000000E+03 7.44168111E-03
1.52500000E+03 7.27089095E-03
1.53000000E+03 7.10437558E-03
1.53500000E+03 6.94201379E-03
1.54000000E+03 6.78368020E-03
1.54500000E+03 6.62926539E-03
1.55000000E+03 6.47865981E-03
1.55500000E+03 6.33177061E-03
1.56000000E+03 6.18846490E-03
1.56500000E+03 6.04872468E-03
1.57000000E+03 5.91240436E-03
1.57500000E+03 5.77941480E-03
1.58000000E+03 5.64968102E-03
1.58500000E+03 5.52305898E-03
1.59000000E+03 5.39954236E-03
1.59500000E+03 5.27905837E-03
1.60000000E+03 5.16148080E-03
1.60500000E+03 5.04676006E-03
1.61000000E+03 4.93480280E-03
1.61500000E+03 4.82555450E-03
1.62000000E+03 4.71893705E-03
1.62500000E+03 4.61484518E-03
1.63000000E+03 4.51319500E-03
1.63500000E+03 4.41395404E-03
1.64000000E+03 4.31711886E-03
1.64500000E+03 4.22259776E-03
1.65000000E+03 4.13031240E-03
1.65500000E+03 4.04020000E-03
1.66000000E+03 3.95222162E-03
1.66500000E+03 3.86633319E-03
1.67000000E+03 3.78247632E-03
1.67500000E+03 3.70059096E-03
1.68000000E+03 3.62062275E-03
1.68500000E+03 3.54252034E-03
1.69000000E+03 3.46623668E-03
1.69500000E+03 3.39172434E-03
1.70000000E+03 3.31895453E-03
1.70500000E+03 3.24788543E-03
1.71000000E+03 3.17845782E-03
1.71500000E+03 3.11063751E-03
1.72000000E+03 3.04438682E-03
1.72500000E+03 2.97965372E-03
1.73000000E+03 2.91638894E-03
1.73500000E+03 2.85457255E-03
1.74000000E+03 2.79418607E-03
1.74500000E+03 2.73519009E-03
1.75000000E+03 2.67753457E-03
1.75500000E+03 2.62118543E-03
1.76000000E+03 2.56610546E-03
1.76500000E+03 2.51229407E-03
1.77000000E+03 2.45971001E-03
1.77500000E+03 2.40830110E-03
1.78000000E+03 2.35805495E-03
1.78500000E+03 2.30894885E-03
1.79000000E+03 2.26094842E-03
1.79500000E+03 2.21403104E-03
1.80000000E+03 2.16814553E-03
1.80500000E+03 2.12328234E-03
1.81000000E+03 2.07942493E-03
1.81500000E+03 2.03653686E-03
1.82000000E+03 1.99460080E-03
1.82500000E+03 1.95359769E-03
1.83000000E+03 1.91349972E-03
1.83500000E+03 1.87430072E-03
1.84000000E+03 1.83595920E-03
1.84500000E+03 1.79847960E-03
1.85000000E+03 1.76182803E-03
1.85500000E+03 1.72595632E-03
1.86000000E+03 1.69088825E-03
1.86500000E+03 1.65658740E-03
1.87000000E+03 1.62302631E-03
1.87500000E+03 1.59019904E-03
1.88000000E+03 1.55808287E-03
1.88500000E+03 1.52665718E-03
1.89000000E+03 1.49591265E-03
1.89500000E+03 1.46583181E-03
1.90000000E+03 1.43639536E-03
1.90500000E+03 1.40758832E-03
1.91000000E+03 1.37939848E-03
1.91500000E+03 1.35180573E-03
1.92000000E+03 1.32480562E-03
1.92500000E+03 1.29842457E-03
1.93000000E+03 1.27275059E-03
1.93500000E+03 1.24779914E-03
1.94000000E+03 1.22324382E-03
1.94500000E+03 1.19904811E-03
1.95000000E+03 1.17532320E-03
1.95500000E+03 1.15209790E-03
1.96000000E+03 1.12936808E-03
1.96500000E+03 1.10713372E-03
1.97000000E+03 1.08537337E-03
1.97500000E+03 1.06407433E-03
1.98000000E+03 1.04322409E-03
1.98500000E+03 1.02281614E-03
1.99000000E+03 1.00283669E-03
1.99500000E+03 9.83274866E-04
2.00000000E+03 9.64122498E-04
